IBR/IBR_outputs/Pc.MSAT.TopModel_CF/CoarseFrags.asc
NCOLS 171 
NROWS 108 
XLLCORNER 210004.651214014 
YLLCORNER 7285008.22228844 
CELLSIZE 4999.99999999998 
NODATA_value -9999 
[rows 42 to 62 of 108, columns 0 to 46 of 171]
-9999 -9999 -9999 -9999 -9999 -9999 -9999 -9999 -9999 -9999 -9999 -9999 -9999 -9999 -9999 -9999 -9999 -9999 -9999 -9999 -9999 1976.55156865768 1800.59737214452 1447.03429938711 1300.74926110681 1856.22913803981 1891.54840172678 1575.29061902021 1281.42603117762 1287.90647235276 1315.12785759449 1178.68689227321 1143.10632810556 730.491125659641 603.229022589505 348.314673650939 35.3012806426203 31.7443233625011 20.3430270813784 62.2194228813647 27.2377212206162 35.1738761583864 30.5898587403844 45.7555591721224 33.21064012333 61.8935681953368 92.4760118437235
-9999 -9999 -9999 -9999 -9999 -9999 -9999 -9999 -9999 -9999 -9999 -9999 -9999 -9999 -9999 -9999 -9999 -9999 1784.92953764779 1771.89115123612 1933.77401508432 1975.57171796955 1824.9525011296 1338.19007976703 1028.59299305421 1409.86456008289 1379.87098740515 1337.44400442943 1262.43194333081 1144.36211050888 938.597915357263 1190.70336834837 1069.60306347831 216.926457605122 73.7046579383912 276.751129399441 75.4649396263648 62.4662067740404 76.6338110662195 36.2999489688499 26.4121073064202 29.3891355846595 24.419440893834 27.3693600134377 39.1047484805127 60.7072713951944 92.613722201201
-9999 -9999 -9999 -9999 -9999 -9999 -9999 -9999 -9999 -9999 -9999 -9999 -9999 -9999 -9999 2011.22755451091 1913.72085637232 1944.5803645287 1820.46233725594 1932.60783485002 1951.02946536891 1906.40038410036 1517.5415021218 1057.12781543617 1086.30382994936 1300.70051611835 867.368624355518 721.290422401481 573.071351605349 790.054877360391 223.959921660725 439.237732179737 1040.29992130182 126.851197085459 39.8686255724514 139.021587643223 130.428485699379 175.1599932771 39.020064576248 34.8640607785823 73.0142329600395 53.6499272237072 30.9031251054173 30.6998651780628 57.6390302566828 62.6941503818159 62.2490495794978
-9999 -9999 -9999 -9999 -9999 -9999 -9999 -9999 -9999 -9999 -9999 -9999 -9999 1833.18537896923 1890.06649854049 1959.65626101686 1909.6197712893 1976.60395695189 1908.82594136872 1892.21247960973 1910.23876845376 1767.08125796131 1333.04799658364 1283.57177533651 1197.38027816999 1263.97230410198 892.89895367109 738.191616178286 426.080315264197 208.616854088561 245.319768331985 114.236081264515 146.514773090029 64.3588901324345 39.2091122974957 23.6979910688288 92.5677372360351 279.239358039578 36.6137585121794 30.8316815896395 23.3501504257125 18.6690223159076 16.3155643841585 134.050977233762 62.0451225524731 32.4416595929179 38.9823964492452
-9999 -9999 -9999 -9999 -9999 -9999 -9999 -9999 -9999 -9999 -9999 -9999 1802.80571233444 1901.02229042452 1863.08721553266 1812.20935778458 1848.68575954088 1884.89095532 1806.29822958903 1818.5323906922 1796.11451595321 1466.68903696707 1409.91871766685 1246.40122771872 1142.38854906375 1047.20329490286 1069.66532493685 712.652734197478 395.376246512898 233.360265518682 164.867548624857 170.989106204882 91.4821792291498 56.4163398575987 212.656776422252 61.2309920897004 35.6579676248149 95.4488846519838 203.307439875928 120.149108261651 24.5503274797744 11.5539399364717 30.4507281591197 28.4362726147342 44.0046175554084 80.7171284796315 56.6087923098358
-9999 -9999 -9999 -9999 -9999 -9999 -9999 -9999 -9999 -9999 1911.61840009831 1961.0279806649 1881.94410590407 1890.99151619034 1800.74132574016 1744.8578402918 1747.99635868032 1762.10983534513 1655.59222252631 1229.54647300543 911.953216075914 1229.26063958127 1433.15160845288 1447.29053941811 1330.89027387569 1112.04519331816 741.527686730841 599.410216294453 409.386521390588 205.492850081592 150.965179715602 197.85993233931 45.3706877812924 29.9636756059716 65.7341062703209 62.7298022616605 117.202060302549 255.337014018502 372.502468240683 133.970007377965 48.2714443580864 9.97636892630705 19.1824363604543 139.701148984488 197.029204952148 136.478659005955 71.7267448584926
-9999 -9999 -9999 -9999 -9999 -9999 -9999 -9999 -9999 1928.37665665648 1972.43347026839 1948.28045783161 1909.68728197807 1833.84996888288 1756.6603761905 1740.57553986362 1741.34116979655 1758.90542111574 1722.42845052364 1541.43250707734 1400.00664344818 1343.65360241204 1437.24499044695 1434.94944444801 1431.40675907309 1231.82462703129 503.769665642543 413.563011672551 556.968856027631 211.958059343535 94.9345241016114 33.5563981860874 14.4232831660343 24.3879782407134 43.9215467428054 30.9454936095104 45.2115422735667 173.280738684492 460.354726929967 61.9218927645752 35.9028994534999 7.24499837005095 15.2434706174601 13.800664851166 114.730886352774 347.711281753644 185.124516695242
-9999 -9999 -9999 -9999 -9999 -9999 -9999 -9999 -9999 1940.67933211641 1987.49195976112 1901.66119990397 1865.51746902566 1789.88535459721 1727.5794510441 1731.45782380917 1777.57010453201 1774.33660328785 1746.01026126466 1675.58515643121 1639.83786772283 1373.35950334837 1435.40782808459 1431.7110505492 1454.30253846315 1334.43275724696 1034.8668993803 267.624665968203 357.890058253769 220.793638968604 70.0868644496787 55.3057642268941 46.9582043713858 50.9990262010301 86.7277281224986 47.794584088838 80.321163289603 183.156944234825 305.309417849185 52.4926484430094 36.2793729910837 12.8913127043291 59.8934360428598 17.8170882144473 19.9461036247779 59.8188792476138 21.4936962845599
-9999 -9999 -9999 -9999 -9999 -9999 -9999 -9999 2000.17486295985 2001.46982683776 1968.11417030496 1868.09277178407 1796.89474042078 1760.08966134501 1768.0547896301 1810.90077219349 1812.90386826931 1765.15187497723 1770.75683313853 1718.54913103231 1649.59961874629 1570.18993647396 1436.45106892761 1446.08487275652 1416.1544847332 1081.92090117633 1081.55681574083 481.709057052313 86.3864748653647 124.494316156821 59.6157684988093 226.969582596564 231.791789630236 66.2087019200677 88.2456898552138 199.975664484695 83.3437460018517 133.89168961755 121.02077476182 32.9981388140969 14.3107574057857 6.52271607985694 17.8505773875248 20.3385346046426 27.4453044366429 31.1856906979548 24.1110067113417
-9999 -9999 -9999 -9999 -9999 -9999 -9999 -9999 2002.61660211629 1987.24752686589 1924.44165016564 1891.48751759726 1774.24022263926 1719.72779802568 1739.06065490809 1816.16668214843 1810.36538079014 1757.03911645015 1775.80874350247 1744.15544944453 1682.63847258923 1374.68984682507 1368.92364891279 1409.07436786502 1016.62712074978 586.334918043485 573.925123618128 481.428922471865 144.372447625709 84.9120874340386 50.6648566631918 258.597735024786 256.316348499633 183.799562259481 82.8560355356957 196.696314073949 178.706681371505 103.048222845457 86.8281229742878 80.2059851949561 55.7775088551653 11.6735618886149 24.8718904125393 22.3038256801144 32.1159067127397 52.6982181781991 15.7726348898356
-9999 -9999 -9999 -9999 -9999 -9999 -9999 1996.53519586935 1991.10498189129 1926.99318269592 1904.41939357038 1818.77584120115 1746.7857395572 1756.96039757599 1704.43295759425 1761.80085146935 1808.08084470059 1770.27130867902 1760.8135439983 1739.87851480395 1589.39989673856 1269.40979701926 1277.8482018752 1087.52056330715 577.675948459649 381.153724747935 222.930237976171 158.799317343867 97.5217123211305 84.5148472921317 59.9094640464643 82.8514475104322 165.855204680341 97.7081408915589 84.8732599676961 222.341360730282 224.80609885165 152.910842179186 43.1982008524747 47.1253368532606 121.675077742612 21.7938407447982 8.06538351290128 22.8637196237296 30.7011755641535 62.2499899511493 11.6938835741857
-9999 -9999 -9999 -9999 -9999 -9999 1973.2809974748 1976.13215771672 1989.00279107189 1911.51141066041 1804.14727643452 1746.10478130406 1750.16868995469 1764.17686809974 1742.99830424094 1636.11207652697 1792.79293898261 1796.86442468205 1755.33382683754 1730.25882989928 1591.57689520632 1415.39758355831 1319.61046603062 963.821070741274 549.877177276617 349.822588502624 276.33533643725 89.8514006079678 29.9677694292307 88.8529368619326 171.292052171369 185.266169817119 81.2287365159521 90.7927726230592 118.277388250664 127.793978019344 216.813015075502 125.791633635514 47.9941409299007 20.0720945450736 20.7963340908644 41.2426723742257 14.0296231109568 33.3691796286137 15.1301529164035 19.7053634394422 12.3594112518562
-9999 -9999 -9999 -9999 -9999 -9999 1990.50677893664 1937.42626608535 1964.774543246 1929.07422369295 1754.99569708275 1758.67856334619 1749.76476879847 1768.48084308378 1749.03075117682 1686.79058974576 1768.56070180912 1790.66209644401 1754.18405071784 1782.73820613585 1621.84045853038 1335.36253356871 1244.95000620997 546.895907051927 400.338686612015 389.417667437071 336.551729436724 116.852532236518 45.0206017634037 193.563602985114 232.981801467139 291.405809247105 137.00546940916 162.622391075378 142.012633582758 66.7480931131166 196.234898029107 81.2999548078987 116.322184301744 74.0350255350169 6.51035759661522 18.9575088566243 14.4211335124561 16.6478009671082 17.9205389556266 19.1882861205792 15.7575131896936
-9999 -9999 -9999 -9999 -9999 1902.06235307726 1962.90298986173 1895.928587348 1872.73549207158 1847.59818787487 1748.10349106601 1760.14965427968 1769.46276454625 1785.0408213485 1771.7242163766 1657.93293046402 1771.78587704849 1783.78230636208 1772.05737209475 1773.2381905563 1450.84007939049 1000.14735448868 687.166730894988 402.08239884249 371.314057303708 371.148690956955 341.997908844053 241.537879349058 158.536264622853 278.766441616209 84.88373188369 242.840378281353 127.072226737586 109.560105531883 318.312495883138 148.398944867508 59.7692788158311 268.696371013538 248.059532296943 130.285892947801 19.765511701873 49.1245309563644 15.3470040843889 6.89541700143616 15.3016615652948 19.287559625267 12.252204424116
-9999 -9999 -9999 -9999 -9999 1954.55372525445 1970.45440388482 1971.95996874064 1852.73927602389 1762.57649217829 1724.79420250898 1737.52958758671 1772.76871392805 1779.69997837587 1773.19723730472 1769.56142593554 1774.59562740383 1815.21525014051 1794.53297660176 1777.47842106922 1544.29925636316 1300.40557436975 787.244193425174 567.416314201427 331.981885914533 516.974743785056 344.860593338789 334.870461616235 182.507951982972 241.050906166297 198.548718291671 111.715820102705 115.965245902003 226.37008074838 166.474255612347 31.2671516263325 210.35718826696 252.995175198825 240.145359501663 82.7211431147052 33.8369851059524 23.9199028878014 26.4402049611433 6.97728998578054 3.23450251635384 6.40936176982424 6.8307703121316
-9999 -9999 -9999 -9999 -9999 1972.89484819212 1947.79314565069 1942.8148050452 1771.74948073344 1732.72367879682 1715.88249544179 1742.571535641 1771.11256191756 1778.51613786891 1775.6424218235 1786.41873841607 1805.70469097011 1812.68551493443 1803.22729571869 1775.71959515301 1401.02336396498 877.271377268891 279.673732487745 352.657068843291 179.804907914187 601.318553892387 295.028543091272 228.098015109673 80.8827698741636 194.719397758882 51.7921982690402 217.242086056287 220.043338462026 262.324365149335 78.6323746885778 15.4459884562162 249.96730366332 201.797491818822 272.265968193687 131.743810912135 142.661337842206 19.5818097249475 9.11988377826496 14.1729357230544 31.6647530204683 5.41956233800111 4.73062712280217
-9999 -9999 -9999 -9999 1981.32869093681 1950.04969485576 1943.16774305647 1803.01625837649 1765.85575230984 1752.92786074535 1748.40384223304 1768.7700203405 1767.02886677403 1785.98015206211 1789.71200958335 1791.80944727316 1800.94224443595 1818.56174510057 1806.52367828468 1821.64995842922 1730.34115833807 904.685017155517 161.582450641453 80.9182542912926 95.9586569481834 472.772428005457 415.606565080698 249.855757341919 127.739204148619 147.120587360669 63.5800564995275 198.028523528951 250.465034212993 174.810706992281 145.157088604892 183.692060213554 314.463458822918 274.341378479298 78.088898586428 239.73471540602 126.275554316269 126.570539929302 8.7032335225537 13.9756436210039 36.7089911142882 5.20836279491469 6.41513112807539
-9999 -9999 -9999 -9999 2006.03790038567 1988.06436702523 1943.02826768587 1766.63055738984 1755.26635676327 1773.65764546283 1764.11308506133 1758.43901109243 1767.0552492851 1770.30779963076 1770.01520583158 1778.91802415932 1790.56173316858 1809.0745352549 1815.99019628357 1836.4121702519 1832.38943471637 645.174685185355 96.7532011411511 58.7347147121107 105.553456319383 137.621865689569 454.007155412254 191.234047549823 29.9349498715555 32.6917191564627 36.0619256968667 218.861145778656 285.220004876512 67.2980007603269 123.099924686915 133.144016631943 382.711917511283 581.153361823091 197.864026138336 705.083834477118 76.5394565051853 17.8564203037802 7.40747962127217 10.7649405372685 6.30812155896794 15.2625751456573 4.81062768148939
-9999 -9999 -9999 -9999 2018.72375901691 2013.44135817588 1911.80966916602 1820.10591481176 1739.75673858978 1772.00064301967 1769.42764416673 1769.15186825983 1769.6923028453 1765.04143534566 1790.175521815 1786.20088183821 1797.5322080187 1804.99297362177 1806.25400600751 1737.68641397961 1789.77320064799 589.471178807648 448.510154183754 47.9511454119172 56.7790051695805 284.594403474747 166.471881476369 59.3985562548636 8.34249399254046 53.8396751490803 40.2008955245916 262.916516142047 249.407089109165 203.736377111298 107.258538720233 117.404927784149 323.913517641853 657.713940949329 86.2300070183306 369.50380122876 541.153946650906 28.2054160646745 6.22931796690041 3.90951677639407 6.65994628933993 8.19039160018047 10.0080448264668
-9999 1526.13454149618 1599.07878304878 -9999 2019.2084045137 1947.48132311878 1834.2940833015 1771.74041303922 1743.58189925452 1764.46826944458 1805.89570950237 1799.63035294742 1774.63849205274 1802.66312090214 1779.6017991891 1765.18086704355 1784.55524769994 1784.15273992531 1796.99309039323 1679.02229498093 1400.74029068613 614.884524757497 249.261315508313 80.9974331226287 143.623890666365 82.1393817065078 16.6001419732471 60.5688914180571 23.4600407374584 26.6067334981357 54.7969308037918 406.306810910573 57.013472478453 130.854617188094 88.7940690485632 106.611827641595 360.514425150597 163.777993879609 106.504524392594 356.704810149004 238.692535743034 105.730507495362 11.4130044036254 6.52343508387221 4.62769400855532 15.1410971898414 23.4257794308053
-9999 1386.8490854466 1114.91346940514 2016.17583806603 1998.20669773725 1926.12896123928 1793.68968503092 1751.93972829763 1762.48717795374 1742.28930196476 1732.39334450285 1725.52762182092 1770.49595240405 1766.73344694682 1797.53546486798 1727.38870022269 1769.53429819002 1821.99259952775 1810.5725697731 1745.09788499537 1710.06499563863 807.597263055551 193.067637606286 41.2799586710115 109.987731333287 31.3592319975273 82.5506786798929 105.075255280063 182.033058941758 29.7426879781835 36.6063503027981 275.57519939642 30.8130585642536 31.1564456143224 42.9005997676924 180.241991387033 655.408188385223 360.923658530815 61.7321596478731 100.892374195754 48.6289590299995 60.8781824152429 112.966143150437 143.962241681163 11.1560280896999 9.68519605922967 30.7149316763264
