IBR/IBR_outputs/Pc.MSAT.TopModel_CF/CoarseFrags.asc
NCOLS 171 
NROWS 108 
XLLCORNER 210004.651214014 
YLLCORNER 7285008.22228844 
CELLSIZE 4999.99999999998 
NODATA_value -9999 
[rows 63 to 83 of 108, columns 47 to 93 of 171]
7.57158250684288 6.26648561928034 25.007647504581 34.4634343143782 20.5000977027095 3.70553691271448 4.6490410460676 6.13161019319665 7.2956959754369 7.3007533202822 5.88440056663071 6.6149327414355 6.55617708361499 17.3726439983308 15.7028560159828 44.3223583824826 100.538354396644 65.9042704255338 41.9201500146808 6.53637191203339 16.0544459195984 35.8438319772517 8.70726339759855 33.6091207049821 60.3655108164515 90.8043077427267 122.852749712314 11.3373579676779 36.8723149837424 58.2690862029094 31.2118144944436 53.7683888681795 15.626248430219 7.91708800345361 4.56715401701941 4.64814977773287 4.25590484182579 5.65697186167348 10.0495451123989 6.32491872313171 11.2152174037372 16.2830041981193 4.20175840382382 5.49802931441907 4.79841770262266 5.45309004564368 4.95852297627354
5.71452724510945 4.9723937446823 6.14639679776829 5.52604770869825 7.34390906978197 6.42642319062544 5.23089165539031 7.85373784603305 11.2439467787913 15.2083811469711 51.9791802127402 58.5403533256008 37.7284804793395 64.2776238349308 32.4726628459627 14.194400987421 21.8214369724456 7.60239983816561 5.22261377971268 12.7396827120472 28.6699695777731 62.55922573155 19.9204140398603 30.97413196184 63.3954528379943 61.0382751031265 181.168837443614 40.1339841598535 14.7088076014693 28.0476748536654 59.0754021338057 27.0009695323056 198.755915002411 68.8729595819586 26.1249334577159 75.804200566339 38.2003285001603 11.2931913873634 5.69825169106923 20.8231164439154 17.2951937819939 12.6255384895586 5.61451701354922 10.6896869759982 2.93953398745192 2.66361523208094 6.32803834448036
10.2924887241918 6.78118373028426 5.19770001000442 4.99178083453118 3.9139421017175 13.9726359158633 16.2594691275096 5.47120923583359 6.5052581862928 5.82328833917715 6.87126244826167 7.73217663269136 5.54213910112487 8.83591968099263 12.1456688041513 19.4144345499006 36.0896916723732 36.4443495789686 34.7107590549131 30.981295455192 24.6059242666465 19.2640282499041 12.3630808351042 16.6256491080112 16.3874273164666 10.3553308180487 33.6338092471497 85.5975956725831 45.372872805046 46.0440081723217 28.0373276827002 86.2150992889273 36.1467426778417 55.4849938059987 29.2472192641533 276.625938768748 71.7240879669931 21.3138298510759 27.6553897656636 29.382284109079 62.9329410006615 16.563191060215 69.5536364360535 64.7615098412995 4.82301340520366 5.81674739849153 103.369533689996
27.02818550647 7.00743333054914 7.51333326702997 6.82303217548726 4.11831567322085 4.58817333994705 9.54634309562855 8.98624967217615 8.47814844430115 10.7399245040185 5.94428404079005 4.28926575794007 6.00877942360241 11.3423379645741 23.4142267057947 25.8663394173695 16.2148494787917 32.4957850719061 20.2380512249498 7.53479563111942 9.190546222406 8.05514757197887 8.35539332509375 11.5885520588129 10.2369616797108 6.16030859451801 8.92081010139597 11.3203319434905 13.5785066035971 29.5380521270467 16.202752061981 40.8934888497364 51.3102184660385 36.1265921999394 9.42534738596451 31.6285462263052 41.1348552337578 5.94299531147822 68.2833245354946 119.414573834004 111.469017922826 15.1849896982251 6.06923963743619 10.0092636194672 7.80650469759438 17.9345387012789 197.475489655415
65.9821513292075 12.3516739958785 5.21075369978795 6.93017690458646 5.25836971837254 5.06082997830747 4.62530502421755 6.60003204491376 7.28553117352573 8.53952442063062 5.22907262678342 7.10683950817437 10.3282284687422 10.5348006890034 7.45684198060701 6.65181907443627 9.02195456005521 12.3815500967621 14.46656310168 10.619256039672 8.73541595558999 22.986353707375 31.3963984411112 26.3834426545976 25.2260008370903 34.7214756443433 6.1712711343724 7.41723201892333 8.48929593002914 8.94059786229544 7.88616615156715 11.2544152956081 20.9393166428346 20.0945192843507 10.7516981096121 21.541028113454 37.1701565272453 7.29375026179718 13.5441902559772 45.4313730625001 16.9528864823101 3.88596863948077 3.15288483524092 7.36551452368385 6.06377099531834 20.0886323263166 21.9407187208995
24.7715946812898 33.6636719572588 8.8801433035881 3.70825121360904 4.17738126024825 12.029730016361 7.87738227537831 4.61424274573036 4.45499303118283 4.26430179740813 7.61086088872529 6.86322902646647 12.2726984651349 14.1830763978315 7.21912477023628 16.4194873190684 32.3432212261504 52.8422317100638 25.8084488899157 29.7446492885652 21.1891486983877 28.0950363120663 8.38914905894684 8.31559579228805 9.70961530316159 9.32021441363424 5.56895030772407 6.13474637634923 8.81695018511068 20.0661641172618 43.7115448897905 61.9040475391383 33.4867595818614 38.9446249043751 15.1644540237451 31.3863807883039 20.8081311395719 5.17370995161164 5.93550200213753 56.7612538655277 12.5862906624717 4.18126418874005 6.21354300473961 8.45356146653958 37.0608132528229 112.758819499731 9.48090722640051
18.2429726787933 36.8689354028632 30.1295965624617 12.2835258725335 7.32467567507302 6.26967166210783 7.09660131712684 14.0810701315848 16.546449858507 13.1930040099131 6.74758598669806 6.22679871797822 15.1464824147015 16.5732625018548 8.7367472234931 21.9144231494721 46.8960183423896 58.0573982512014 39.3797652585682 47.4972652868632 79.9234978400835 37.9999695939839 14.5768340288864 4.89309271119926 6.0388075830288 7.93300379508996 29.7675640298112 33.2185554053717 15.0141137572489 20.6784464003515 12.6693900455849 37.3661527116137 59.7332687363674 14.743669523223 4.45958697931712 7.91263886488231 14.0546374160565 18.0661763490696 41.5639594027264 12.9186482235778 10.3816277071163 3.74953007164865 5.94313033919427 3.28715227413724 41.24766579751 16.6672962093709 28.5569462745816
20.8863648770866 24.9364273722396 22.4390139804871 70.7791680073269 173.060210996085 165.495856843843 25.9849137208092 9.13023475192271 16.9190010437305 36.0597720436251 41.1001179567374 22.276493477615 10.1959647573338 16.5903611957346 8.20099042364633 16.4946535721836 24.6457819522628 67.9850593020666 81.3571799588781 49.6340495047305 50.9893053774046 34.9588122027018 27.4452493250901 7.14380007130693 4.04666464074033 7.77862244124419 12.1624210538107 42.7635876667787 14.2636506409135 17.7330207253336 37.8517062388788 54.6762576676994 89.7200243910141 64.4249722621435 26.2679529091748 10.1924960653344 9.93422295980573 16.510186809985 28.1716461508623 17.3356197925793 32.8740181727347 39.1504414977081 8.56530056944942 11.5671710295076 15.8543540375323 15.0090750049419 13.2997197710688
26.5776576095079 53.4623445867924 135.239927363365 177.402120420818 68.0793242588298 35.6942788864359 63.9203446121672 109.249266025043 22.1433468332204 6.32690799885417 13.4620980744208 18.4983320852524 100.990987006549 52.9656915989378 8.12841150997294 8.47720350322986 13.6521058669118 27.5967220922427 67.2419961553248 93.3173579188432 47.1438748322863 20.7217732029745 33.2217879924872 15.2358167703073 5.1058143560029 6.54739608387998 9.78649918146069 10.8352002733821 14.013619544642 18.7731019451566 10.9388969498168 19.3807730718232 25.7597571874908 69.2145147334709 66.2595903805896 72.0825527857193 42.9008691287644 24.1195651522888 26.3548070635795 17.6310051300762 20.3158856669714 29.8812530002925 52.0528981187658 60.4362999000485 159.186770676249 80.0690260415128 84.2209600393766
36.9382611925104 27.3644901841434 30.4374966300303 24.6300747892657 16.397231002289 18.1937632543338 43.0614267112503 159.733674592139 435.881459902302 202.822731445363 99.9371947167565 24.9403684489392 38.2742563200099 24.6044410969993 12.3091276519389 8.56664576561858 6.78904725651665 16.1961766409169 54.3906430651386 36.2567006184332 9.75133001479166 6.11758610786798 28.1640113660665 13.5923452069145 10.4587823919226 9.77086551929002 12.47785347781 11.2498876102043 28.2899617068052 8.42461396049147 8.26209567963048 10.2143995593212 27.6599971786074 23.3562956040897 73.2362422650226 45.9974742294703 12.6832288976772 13.1082839459522 51.5244659756052 50.3453448757164 15.3536069768487 12.484531693292 11.0683490552155 33.717999329709 25.8583523550027 8.21530254125708 12.8323769510987
78.1219815952966 13.9609440524523 7.97321000317203 10.8863989857473 5.77790869345105 5.24516666727443 4.81319537272789 8.38740658811192 20.7516990446842 483.691853455012 1049.2227705997 750.701788363104 482.961211534157 310.22170077215 36.6937624341399 29.3934728867692 59.7315776606845 38.9306153301278 22.4975953544546 29.6186956002225 44.2822343622788 25.9812798019965 19.3440940690669 12.6679582497409 30.1941404086394 105.55666805521 112.649569979051 44.0495937036918 39.4294298260879 18.5450804269029 13.3540906082341 11.5139575851719 36.4484125226948 35.913581770366 51.7295383515622 12.9143018153041 5.31045111281884 7.06890872388218 19.7574117835974 36.4034272200136 56.8714869927779 13.7156241123469 2.79579472802682 4.22394697480892 6.94724246141597 13.9472688718125 32.2642991825796
211.220622670067 73.9573384008192 83.9619257252944 103.501309333087 62.1962180381793 22.8967165818631 11.937526013216 13.4877661183488 5.48631336249347 15.9214706062757 63.2461810338707 237.745536016086 200.495218463581 22.8542455554089 3.86235081316324 74.3615624755316 135.929850953605 100.403938060136 60.9244482867272 22.6791071359334 99.8514503304603 77.6379637334554 126.807031805573 54.7424268068084 15.1378809391673 25.3325484944513 80.9969656769385 141.460467163874 71.5997642692497 93.3994570692279 31.7563959382752 42.8792748831982 67.977730575657 77.1427003285608 21.5836585057656 8.71116756223235 8.51353103411756 21.9537564909833 12.5923344067886 18.5705080825766 5.30552454335471 8.24391945965305 9.86120410816623 16.1343167001159 29.8091430732227 51.6072733382927 33.6570989374722
51.599933847892 34.7024245722502 126.10939933985 297.458320176445 61.2656697261613 169.584511614117 189.325752220655 81.6966446965826 26.4230196271273 6.26665681440381 6.03082154219689 20.1187855790407 47.8919046668232 114.855180162331 52.6472296104 60.6920009532063 77.2790537026032 58.2892848460355 82.8326519458184 24.5148687417429 55.0997309654233 91.0252327818 102.377232299025 90.7151657259419 108.394753897807 61.0378729431006 52.8948236407508 70.9694826169552 65.823322283291 60.660319032722 51.0448315476208 34.73990341034 66.5958381021645 13.2802364641031 5.45438593213268 21.6318441688897 35.5763392754624 16.8307539861639 8.52967108398817 6.35521967881385 6.08270664886889 6.54064964682094 18.0273459072248 13.0594204886576 12.65546608189 37.5912859265848 28.0026795028147
87.0462557647282 122.939412987782 685.60626429288 353.716918705602 358.160424969465 176.555736679706 82.805676451091 28.8543309744364 13.8094796807858 10.1322146016651 9.21341954066086 22.2418572305165 21.8607413929747 67.6358192435859 184.873940765311 262.206203207023 40.2489039443238 111.708024656905 67.7442190135861 61.5226532265804 98.9582226006454 133.617741815995 77.9959785292295 109.309269717795 130.031051725501 86.7234301683047 101.54087509779 74.6330377087052 25.2954880611004 20.142938001942 12.2946916715557 5.673864214783 10.1788893928817 7.50011671709183 28.223152546677 194.585586426786 504.897706990368 142.944286412242 11.4255717695196 6.32997292182911 3.94805535467618 6.1439786405626 101.221406529276 45.0013159475161 19.8620081558276 13.0350738148424 35.3465235371582
254.754189239137 199.007553488472 344.921430912711 368.410265012311 489.632312225228 97.3945967874001 41.7872388254185 65.5239342499051 36.1800787204206 35.2252959613295 31.5344382150482 12.7917531008031 16.9453731110703 166.894783452834 21.7886099927475 102.602486799548 183.350248046838 211.360672780455 105.541579790885 35.3303500489273 28.9446171826171 78.9866573833421 84.7891064767468 54.559661007405 49.9732788825926 103.168633844262 228.510193202248 72.8038590520143 5.14733094522931 9.91497118531404 8.51396417974182 13.6500638438236 19.0627204215907 79.5693667635017 74.9273101314521 62.1306730424072 42.8659498869241 409.136651587349 285.310876598991 43.3210129414791 24.1470082902033 10.4381887677439 7.55636380286929 41.7109042643086 14.5314367344448 37.8813207065311 25.0916341350891
379.282118744565 73.7212572401711 25.1392292996403 22.0300664258569 194.563127176632 358.615532390559 128.863081563791 75.6087401165146 23.574073676354 81.5678028208939 88.389613425612 49.1780787701277 31.460440061791 164.653199078619 40.1403340286976 100.08399452686 53.6427665968287 44.6649205219826 192.36295229626 71.8535013502977 305.758160544121 135.136555570206 44.73975203648 25.0197869811446 40.7359691672669 54.8804604314051 24.7643836006894 14.1820747133402 5.52267810003721 15.8401808558091 47.4019950560949 182.931973471124 100.718789828461 27.7815254267201 70.638360405547 140.889130893808 120.419986951382 64.7283929239076 696.900114527495 348.839497682978 37.1202917258152 38.6457487264676 9.23385278420725 5.70774862762135 5.49720726159555 6.50309030454931 14.2051594996558
44.9342124430195 136.373521393934 16.9610682907411 2.07427144052378 10.2344774660409 147.593460820226 86.1856225415343 123.476967993615 38.6330753739331 25.9291899685899 102.943676116477 192.453296422977 218.420205037907 386.281465539545 273.882406081934 229.015177279905 56.9271124120392 10.5215062081162 10.9446128056631 50.2994977398644 524.348382304371 774.288262063786 342.910598569063 28.4528797106677 10.8343455225595 7.22552047919174 11.6997223315288 8.43843058565535 4.42627894684456 8.55809515612665 9.43786452232178 38.7982763108396 176.195492786681 163.861274324447 335.388073555618 651.663410906972 637.615995774638 513.056560730294 483.371377869355 442.983644875018 42.9986025150016 32.5314806731105 11.3796159091902 8.1296702810681 8.41015523148514 3.61951640153409 18.0779092510707
25.0281594394574 31.8798476598836 28.9502601829091 9.42045388931749 1.77248876302164 3.95885743576402 2.48202553356362 8.03992702818379 16.9329847280864 53.8222691060859 228.043275183321 453.535523268977 125.709994549312 37.1704648045127 71.8997874413211 172.699606097409 515.771049358808 159.753063179449 131.837557633133 158.167558644236 133.94819541683 43.7590646167166 102.394659942364 249.857177400424 66.7965184893586 28.6104084584141 35.1577081007437 10.7432425711938 6.71187750300193 5.88301394928385 4.6032430979968 17.2612743982923 103.241302530859 26.7465872827784 248.974880380818 469.855891759921 276.431140961669 109.358973365721 109.458803209916 36.9435002884029 21.5414065912628 28.2063772767746 28.6405989361528 5.98767265473764 7.76795780863714 28.8534414639073 154.503297926353
47.5884792066783 32.567886696809 15.9255843482112 11.9607235239439 14.5555058058908 3.23405211109713 1.47110749802204 1.73785230539687 15.2780778306357 32.4215392545008 453.778754061838 392.587220765993 187.086469334589 46.5647781205606 23.3963612850534 25.9419235601559 41.7016462680852 90.0910607313796 97.44237209786 16.9384849544923 21.6895691779499 52.3467416486926 247.740342157716 771.119446540621 791.339822777429 511.833893435488 32.6074553893958 75.9679487932602 55.7978030233635 21.2089234017277 25.2881759786665 26.2937893805916 13.6080986426982 8.47799678127424 16.5407597930987 37.3060928727279 15.9680079564178 32.9728049884144 15.6688218003943 19.1477037874096 10.8113128197842 5.18988519827528 11.2145878856512 13.1790251941053 7.00679623625169 9.50610005452358 22.0553564752468
76.3068882626023 57.5839608722297 68.5294452137046 88.3721343121145 8.18551958847196 2.57810992890356 2.32272984841214 5.43426372417284 5.28171075127648 3.82339709059692 7.88986969786298 22.6466121999102 162.55636657767 374.387760001015 147.543723493649 48.245638538974 13.0040114177623 12.5410972268637 15.0383321654653 39.1519685607263 14.8288855571368 60.7722535964793 470.890270310011 693.237019146924 584.395926919408 684.110408695195 280.098491652229 22.1726885680466 155.257920535073 129.269472972586 84.7899863888628 12.368046442955 5.02402502667718 4.16473193381274 7.04112092186559 15.3558085039501 12.1849611313981 9.49186323096665 7.18341298677102 18.1719160094468 8.14304558642799 5.65033514839873 4.28103095689592 5.39194506155158 7.93616500261914 6.98299309404419 9.56332922075556
155.024797230462 43.9060350595262 48.5310685519173 51.7365327861125 57.5840726592816 15.0947665785541 14.0474257676173 3.61065703370115 1.99006115578319 6.83726219546159 8.97459552652125 13.2343257721707 9.39669567662342 27.1283534358921 209.315732090693 35.4514579123828 14.2908860856747 13.0003330021108 9.78262711725162 17.1207840200434 48.8961422457 179.178431339139 395.157286234442 489.215098954632 335.770645875549 210.831739303509 423.982568789334 60.255354436209 17.9222948929063 11.3355511352365 2.87623488613281 3.75950636431735 6.80246230468975 5.86543478702348 7.98493515938096 9.17303938015874 16.7640370614032 11.8960589687398 20.3789745442788 23.7425667663523 16.4635989163053 21.1061330151568 12.8482961825926 13.0600097422635 5.35063947433849 6.31758167659906 8.7343080217964
