IBR/IBR_outputs/Pc.MSAT.TopModel_CF/CoarseFrags.asc
NCOLS 171 
NROWS 108 
XLLCORNER 210004.651214014 
YLLCORNER 7285008.22228844 
CELLSIZE 4999.99999999998 
NODATA_value -9999 
[rows 42 to 62 of 108, columns 47 to 93 of 171]
91.5830769097979 77.2260605909499 71.3382004835476 55.4925215227521 45.6544463722998 45.9980682246617 43.2219328204523 39.6414533062617 46.8024576782824 136.130682005417 779.188013159136 406.658579635303 113.553985562548 34.774196307637 83.1650552320867 353.012180619106 64.1499153937059 49.55522627339 54.3730225517093 140.665185173271 112.515278439835 121.08695050063 52.3564878382282 182.562149915342 289.526766022018 254.027563280445 96.3333062343294 61.0745983877834 52.6925549867588 37.9395979906813 30.4546293961547 30.8496385747104 45.4482379869404 70.2290953230994 29.5408156477272 20.7958313184497 90.3136826184095 113.898351323224 70.6308896011839 111.488860859817 190.975647009985 486.492913628769 321.713235590359 396.40672384911 540.09810093137 447.761804283099 385.695216524044
82.6551919617172 60.7100482396702 58.1244336081732 63.4739642429262 46.373300831001 43.105055176132 48.4884053199966 60.870773602808 143.777315277719 1079.8271089886 1430.45427381492 1513.24821664821 1243.42459704846 1179.7463102474 1168.25647931374 1371.83326750287 672.583923564901 57.6409995621421 92.1262416972246 187.216665941357 66.3278000466673 285.936743844629 101.826971632685 74.8750259389494 213.515876995932 312.094361425515 210.381573148273 27.1518482643087 34.0123985249375 71.9108848894852 93.0970166594804 39.4339336320824 32.1618652123693 44.0283427618697 75.2165107241911 51.9954834848443 42.8933107991339 39.0588909085369 131.708540972891 159.345481489566 93.0275609623887 219.36656900859 413.007871029122 585.976596794995 435.333489391437 324.349010964397 513.707473792127
53.0261222360261 53.2650075874814 40.7037312913454 40.6246094848543 43.9490881912774 43.1744305629111 96.2413728530112 551.516323166806 1383.99655923782 911.666972652137 441.000867743077 556.197207359792 1060.06638561978 1294.26095828707 1312.34699623421 1384.30841277024 1400.26224584535 1226.02138248113 914.928073750892 681.358007513113 403.00577309766 97.6220103484489 101.090662454758 49.5593840692754 59.7144147115386 182.920228269515 237.806146474153 69.6756273430462 47.0857045992369 33.7556747047224 59.4627328002953 55.4282118938493 191.070896700804 50.0107813893071 93.3283660175058 54.065187394231 62.9253626455232 35.8244657271672 35.4950852145214 20.946178024005 23.8794036662537 39.0231551801017 61.8992752674002 181.727131909952 225.029775142224 344.841555262088 415.510643763769
44.0646704005151 57.5722914605093 47.2685338506008 44.5430104738082 43.9078596906324 152.890033654865 760.481524514041 1010.72276444146 413.694899300725 43.1782248354923 25.3565840220695 76.4175657018908 429.58693183324 960.320777718694 1265.44054276435 1288.86188479825 1435.14980462768 1499.83872280708 1512.89649501402 1429.78318934663 1295.43519170373 143.37036276907 39.9905943334194 39.1937766301997 40.2337499730091 44.5660188643662 83.7782666211022 136.937694519342 83.2252918313339 35.8934697062557 39.8881386439385 40.4355044015173 114.375344044465 117.110991057047 36.159238481662 51.2930630775107 68.7553916549366 40.5873308106319 56.6433497993481 32.4525888505805 44.3895412292456 38.371525807904 25.3975721248394 43.0772436858357 146.26882557495 135.666013504213 241.412956631197
87.2203709258811 146.665743943013 85.037628734445 77.1404718565523 171.669295018476 291.769739767976 228.80965013351 99.9647071604075 26.06878244847 16.0034763195826 11.2071834873329 8.43348094858591 20.4765109971789 443.027146349753 505.748407988602 814.048169574143 1012.66109203841 1273.43488946771 1356.82452373318 1216.04698100139 1148.00911670178 818.266954961262 211.640928762133 37.993628523683 53.4112031853777 63.5856437766526 98.6044239883371 85.0275630641068 148.843649885964 55.4046447425501 33.625026164845 45.3494468030702 116.648442623796 122.964550497196 61.7216128980358 55.2356509116558 83.6256355180691 115.615681428849 63.9961683876106 33.7243560932686 37.7585394932062 32.6605051166702 30.885988576177 68.5929583986457 172.024893974488 259.303743835531 102.218635598995
82.7117274594842 241.460858971406 313.405574080889 294.022522942554 263.982745093136 294.66453260119 20.8038770160054 7.80642470107088 11.2812534114975 9.74895861524082 32.6451747198896 22.8460667493275 7.90851878340271 23.9946930371166 31.6396952115745 317.406620623788 629.319617849826 463.320890728475 547.281985198926 647.176703092802 705.794224685069 759.791283403402 873.07272346175 79.3091863108522 97.0795654274561 393.982924723386 997.043276736322 1287.86075452297 766.849542847656 132.25132967709 80.9458118964047 56.9347852042887 84.4947732622654 154.573648706203 203.220494924414 150.125502377448 158.882361670831 89.1139186019386 28.026444523929 24.3822725739904 41.2579625057015 37.4607333722785 23.3382720978058 35.9771129821723 119.294742673273 435.416451178234 132.448314692947
82.0736316220402 92.2434247624617 201.594537773146 221.36741059538 140.933296303517 61.3113897597603 11.1981721061046 7.76749786076588 10.2370572365783 10.0864531929203 19.6611451953769 18.1942686310439 12.0804484083946 7.29927854716835 11.0361330323308 106.45399838425 116.176993053442 30.401316832609 61.0770601376459 251.87331907827 718.955617282569 750.144977325402 771.914091336646 519.163863471961 391.614570339194 1092.86950882608 1416.24885079068 1366.70111752258 1451.12629636839 1478.56959459014 941.931460373441 222.321925303631 197.290511545228 214.171742081462 168.564926942035 135.621486486521 96.7207722869734 58.7552521481241 55.8130934125896 73.0329903177342 67.494035453698 37.0701392142868 39.6754954466959 40.6966079803675 92.8064841999638 383.912612993511 63.4081182941428
19.0372932939497 18.7985728424219 15.4117438247795 30.3797496691435 7.1589559943716 5.55433174911514 5.96150706133336 24.6701484571609 70.6729706320464 8.14233444386601 9.6311639195411 16.0374803071865 18.9759098500626 10.1553508107837 14.8004171106363 11.5527441775709 9.90422639897587 6.70816364410529 11.1040439630231 14.2764401736911 65.0908918177831 118.014749903013 444.367398812693 758.29966721162 832.691457211851 717.12187808945 275.866261125837 258.04798721501 581.15506117153 1016.03748876556 1549.97716942142 1084.22480197644 143.431961487145 559.24984842122 134.748198522772 95.6333316076191 77.2911986162013 126.936351786561 88.32265115065 136.450852046482 117.983059163194 56.0456587159857 57.3138062624421 38.5724748565714 46.2410163191878 141.906696624516 55.4466372144532
22.5012693932895 19.5474888894347 17.9470508371367 29.3372756890966 40.2613067056825 8.35927130097259 6.42999936242341 19.5247943610173 8.78600574859336 5.85383327810532 10.7128958856705 17.9858215553851 47.7841828519678 17.9462611472541 13.4876910704689 7.32322123267715 7.09174420771761 6.87393313759666 7.60382372821238 18.6875547566323 23.6322078220812 12.8979558778347 33.0419036491624 265.920603773819 575.674700747904 145.360127844842 30.2326105390528 16.1508118061108 23.665903918789 84.7410507783316 688.437371910126 1156.46226086972 174.309485814119 140.740116476474 139.787532954176 127.022023316157 126.341787393634 179.934702222299 85.4664336368869 167.754845038721 161.922276718628 206.079701220678 112.63460502913 50.7620033546448 46.9255509517735 55.6221789673829 69.0876262542089
12.0157926501992 10.831838903683 10.131046331851 8.73163032929619 68.9813173207133 19.7244254189211 11.0381851157989 5.27709925826062 15.3472823904822 4.80058728819226 5.6742014850202 18.9128314256955 29.000466927222 97.2394251429534 51.3934546121691 50.845055292278 40.1912624519818 6.27901377580035 8.23737671945149 21.1476769749114 20.4919832867678 9.05494773286707 19.5221804033626 56.7143765827239 94.4478902518181 22.8604930121957 38.0659735577548 9.11054115947072 6.37267730347704 6.93996006657365 149.337117853501 766.843832940719 730.776050735249 143.853088088732 150.062837148351 123.710219244433 89.8143107941409 65.3820077436644 56.7529423695461 105.173232765701 142.601668632249 153.629209565697 228.624025964918 211.770528588755 78.739584439396 62.9068956404878 53.8929953504744
7.85312764971455 10.1137521224194 8.11667312635441 12.6161317324401 32.0951983932496 93.5063366793945 16.0218624575932 3.74243727182089 2.92358312509609 3.11842011137113 3.54575761207315 6.05512548147263 10.7806120623768 56.9224473132104 75.7446350748524 176.184008338751 15.132364216614 6.26003480362024 9.35650797056352 26.4384699924948 16.6369791414565 38.5978484576765 29.4839880635525 142.434069213425 153.436170872099 39.6551136563874 19.1184013459712 8.75211673226716 5.37997036400803 5.82246752694642 119.287998996753 733.115902873616 984.098452719732 124.66389399733 90.0967498475549 147.791140507342 132.473245504351 105.815943155026 128.965631368576 140.166977761285 76.8807663645882 93.1483333296437 124.011015397564 93.1775495933852 99.6378155685599 305.110719188256 137.627557654096
16.6009543787746 11.3674203860092 8.07499093768454 6.79052124367954 10.6440607509272 10.0540616292252 3.73100815231668 3.03298820206503 3.57389039572308 3.68807227695239 3.73499558668739 16.1735817055771 23.3778155262217 27.1660918579219 70.9417675433971 43.5737251974448 6.82496279654538 6.37132094584411 7.00164779267327 12.4700248307714 14.7652734625105 31.0528430904653 23.5922945514871 25.6561304805113 26.6685259528919 46.9434626578224 9.34463728418374 6.9233216152976 5.47833917093711 6.50096072692193 20.11110702924 470.498781802701 880.304346947902 1103.25373869243 870.709481955212 947.434696234558 814.532157035451 703.66685116979 796.167566482486 594.204486551833 126.022699139794 111.417753551644 83.3598664513098 89.9062610185852 41.6410836442379 34.6056034722114 44.1526213443053
10.4425240842441 9.56552517713975 6.39700884756999 5.29980674366218 9.54895635156169 4.76843925281114 3.51422688441149 4.6145057979721 11.0236093056328 6.73765117332238 4.93899208926964 4.21994512706194 23.9521636741548 101.005261897228 11.3325733798527 44.637420895754 9.67627073118444 12.8553019003678 9.0013109413411 7.9446883943819 9.88493080409442 29.7034635758399 11.9155384292421 9.20168778099871 8.92978823364005 14.0320259336003 9.14251152837735 13.300096121218 9.86612116028457 4.58178448419048 11.3283312392759 354.464933087192 566.910397330724 666.039563920253 984.616388330115 889.546304788237 1026.89822155529 1386.80351635141 1485.28084692188 1560.63446827092 1424.6674324521 1085.74549200845 264.008342081505 87.648516704826 37.8008961464978 42.6911083615337 39.019434183255
123.438413753073 36.4549544793158 42.0747607340214 23.0766905293336 9.48435891230557 6.4292228871358 5.61945901382525 4.38368490676035 7.58303131987749 6.7748668730635 18.4027402923964 6.70930471074278 4.77742233716787 23.0036111607795 8.96786075835747 40.3778934400526 33.2443452243442 11.6893366947976 32.64997690598 13.8613789120122 19.2167665476302 43.2583687422798 22.2208258074724 8.00561771658454 6.59067439760038 9.00846306692219 6.68073361178102 9.13064403267067 6.31554545876837 5.44923950871251 6.87902712083777 71.3456891142289 283.529537727709 281.938455920091 243.418744531117 289.987684088785 348.002156352606 441.822851080659 702.299317112828 884.358034458658 1360.20546398875 1335.36768857535 1402.85705629311 1108.75391781051 761.604841673556 314.995102047348 156.593943403297
18.9891115453075 27.2015838777045 109.222649892418 62.221495581472 38.2875874722594 14.7695513349483 8.01681676428149 11.4820263995732 6.40416532471064 5.94781666073444 8.31114516403281 8.33782061677688 12.8928885918566 10.9887012870051 15.3434512230598 16.2528798745413 39.7074861228445 17.3620056976925 23.2314204778546 19.5855198913746 15.6559960938077 28.3694576195272 11.9296966959768 7.92013002599823 9.19479940090688 14.0296290876768 6.54529633102996 6.86832005128879 7.10767607064155 9.15783948265116 6.49426411429641 7.27509586873333 24.1347545315253 14.7839440681722 12.4926058032648 15.3841102202444 21.5844433005648 74.7679416409395 483.422981046887 631.409392852455 991.8051162285 1351.40148324065 1433.34220433766 1519.05962118965 1394.8709133402 858.336946722026 636.974047217811
6.26209080789337 16.8274641342482 51.1271340972936 27.4029432348187 26.0371289850543 8.84700581232729 17.2289874256389 15.6586382388203 15.1722617113285 6.63305396531258 4.88284959143421 24.9739566140656 18.0339071700825 7.10819221463157 12.3577853835708 22.4477620259998 28.1963595631832 18.7823315150362 10.8682213944727 12.7890749221517 12.0997951179061 15.8851838591922 12.5838510539055 18.6496117121732 29.771013975757 361.195622383155 353.153216687694 456.03145916243 277.022603826584 795.530255678238 420.88035388433 15.5446321939158 6.19330176663502 5.75626059242348 5.81003024561886 7.95979947966693 8.09621469321858 7.26825320471715 14.1675633422506 130.152539574766 448.518708141307 631.027718832025 977.075649422563 1024.70038672325 822.742988062105 881.240712925723 809.361483222037
5.01888631621178 7.13138857915165 41.4042624615059 10.387435633084 7.80145894043784 13.5907236714888 13.3561222856554 11.7996289071982 5.38989653934926 6.17874607141414 17.8653734081068 11.1326659373028 8.06321080464372 5.41415581267684 9.89685637793913 13.3194222729255 116.152956110793 15.5427730844216 29.0568598001907 40.6439325157897 41.9139591342253 285.413337498023 46.5377392123968 62.5769392534258 671.709753590964 511.365018969433 1408.10719311344 1527.33249061093 209.511164082379 34.4403804793759 623.853230509417 115.220050012823 7.80118637006 5.95355212756767 4.8387679277343 4.66193890060546 5.56692164526666 5.31051315470286 10.4339752127044 10.083694377697 30.0558781009761 86.1111466616227 198.734299230505 374.039461668187 621.653712989465 565.664433226713 736.317963982275
4.07911466644261 5.65640067038033 6.63680878943699 12.6400064166581 4.77033965771178 4.66722846101872 6.86306167375481 18.6737793630491 12.9257597467838 7.92763429192018 12.7277159832524 6.7484699962929 8.93569523581031 9.26894921149397 13.954363738001 11.0931059009438 7.25946694373978 10.0171061736707 25.2717003761929 32.9873896754293 49.3016773982018 133.499428545518 21.2504620519901 48.3628988908791 152.487946325359 896.673867144274 979.477024949861 1100.38157071316 805.838550408712 28.3021773545002 409.383737350894 19.875852991895 5.91569735031156 12.3097938732439 9.66163009630332 5.80338239135714 6.31084748322307 5.55349504099581 4.24634079161483 4.99985350600283 10.1696096108385 8.86866771989183 18.6262199220053 38.0485579544921 399.629418913679 530.082463419915 707.403783150595
4.55525442118508 5.5752410044251 7.91000342969566 5.16366749025462 4.24437465998487 5.20877496222131 5.45984713397756 4.16320899820796 4.92755830761618 4.43752238893127 5.70369859542121 3.93462617484698 9.57782345122569 15.3929595820111 17.087209079801 6.86381314539796 6.26729577090141 6.69095649504979 27.3944255295411 34.6987393011762 54.3348390471094 21.8000515406831 51.466771688355 304.498225623722 693.153302892693 513.644313359007 333.431259624102 93.9859780367865 273.170498938236 28.9535978029307 631.718793784158 28.3655579979378 5.78026513910015 10.6630346076179 32.423163920565 92.3359514010059 47.4932927913862 18.3012491149066 5.63477263600041 4.91154407008064 3.86560467114358 4.41481950668493 10.6297000607796 6.23887572561894 16.1384999885919 20.844293553765 465.759294429637
16.509129663596 6.36286269063778 6.61345360434209 6.92085713388427 5.81444610446058 7.69489288770087 12.3190709269659 6.31820925377136 10.2741127215617 10.8971097367329 6.79571636544241 9.89793991496647 17.1231901153747 9.829515530403 21.4608586827331 11.4027036436208 20.3425260166316 8.88155740130489 8.00545071820371 8.90902371238109 25.6165620848963 21.107307837063 35.9508941316605 152.696546595013 429.043113416625 286.734441519048 209.286387218758 59.3473370438055 168.605601363776 44.3067456294127 269.62220308312 150.635354815639 10.1237911736767 5.1721886468134 16.8226709849891 10.2385680454373 58.9897021130529 177.822204464511 112.753646595654 3.52866039606132 2.54790894208862 5.80242246185577 16.9637090278749 22.2109914704223 7.8223497721697 10.0062771293473 21.946788992104
66.6162067971 33.0219035484814 18.056203192362 20.3950321842549 6.58475091113722 4.67146074003111 5.45789230419948 6.22978356617025 5.96911960725545 7.21245712153457 9.52148063502085 18.5927361514679 19.3922647524315 13.7852037498921 13.6600197863361 11.9337638582441 9.74232738232672 14.8396734767116 20.8691662286427 4.5521249605091 8.13497013113688 18.1388663001616 16.2643700325666 40.3643446565332 205.513049317298 227.010509150948 104.442822970706 28.5661343083295 52.7031431703587 33.156020651208 74.6324623208343 149.503427129297 11.4717121985093 7.29479366389684 7.87311595778032 6.6610873468279 4.08002858964241 21.5690696347395 50.8551262900135 6.86692144689846 8.87328958843682 26.893573017828 8.00618553222084 10.1978468836535 28.0190938884166 8.25244048863936 5.01554109804061
