IBR/IBR_outputs/Pc.MSAT.TopModel_CF/CoarseFrags.asc
NCOLS 171 
NROWS 108 
XLLCORNER 210004.651214014 
YLLCORNER 7285008.22228844 
CELLSIZE 4999.99999999998 
NODATA_value -9999 
[rows 63 to 83 of 108, columns 94 to 140 of 171]
7.56713453053942 8.77631900517089 3.45406854494123 3.30421397127606 4.5045492445263 8.39668132667349 27.0647599907834 219.732592001425 918.775497128683 1239.48657812591 1182.91066576706 1100.83456051204 1070.49436151292 1051.56556409358 1052.74538842215 1268.43778847478 1518.34659356018 1616.60155486001 1504.8247548548 1455.9250615943 1365.64867723299 1048.78851335387 874.203035520976 812.633844418476 505.861201099599 38.0222537874616 5.14276668513751 12.6559192608391 304.49759190785 217.665765285089 59.1614982576699 231.446163647883 223.328071731123 224.31491448613 201.291631941424 112.761535367831 157.336979581477 91.1238704527484 16.6098028866328 24.982789314243 28.5163256565687 77.2025657441892 70.5184026513165 111.561975071493 50.9352671552504 122.256448420948 108.734561037271
200.117287285725 39.6040235795784 66.2974163978725 15.2943946286528 4.42429508631327 4.88563793694134 4.5663078043932 8.177421177233 59.3530003710345 466.487042936684 1129.30969899507 1013.39772119633 1024.56405869794 1008.65497044944 978.817610305531 996.623583302995 1202.76162344975 1386.02708041917 1388.27884029653 1394.57352249253 1369.648702145 1317.97069361569 1201.32335145444 1185.56009274392 872.375557550553 238.309150497512 101.166291300695 36.0172660056175 70.0799645575367 54.949859819398 55.6733319928369 229.679921271257 154.340600716862 172.870253549627 176.896572732635 351.85178322041 213.487163358059 84.6804897199822 61.998030879487 18.0173099421906 20.4220022698627 30.9106058977191 24.3183415258896 25.0589111438384 32.1882612248606 74.9679841888414 89.4828085432268
174.777088486748 221.067763360674 446.291544288847 56.5581258699021 13.440454988225 5.16747601398015 3.81498315241884 6.15472288810408 6.07774827486887 15.636972561919 287.67043357338 1034.86295153996 969.979319019869 951.8364915955 1003.44316041744 1042.62916076162 958.026475065114 1136.38136269558 1339.71570612346 1429.31489231672 1492.24541730863 1366.05144678136 1242.33452402909 1261.95712937801 663.84915558213 635.556200599562 811.434834611248 476.359614562601 37.2766567959347 19.0984949343148 26.4334572758395 75.3121755804051 216.567452057429 109.166826874284 162.751207375082 586.789975993614 913.76140257172 389.905362265423 67.2749590184466 23.7665174729626 26.381615564996 39.0984165257189 39.9997720924876 75.7749376876102 140.894580354377 129.602644862984 101.633765400358
83.8989420516708 123.553781887507 105.270272566853 80.3725188300141 22.8994450336766 4.61160794163411 5.06425192752328 3.51286631359907 4.73281926909644 4.37558408605543 13.9375089712911 398.118496330359 1025.16867261349 1017.92126596908 993.423873925034 1062.13743394739 1087.26933529066 868.550490151323 1401.48012758031 1527.59282912834 1576.61151521782 1554.50710701351 1409.12730112881 1292.59726173019 1191.00761623561 1042.86085810546 1148.0383624102 1097.8666698665 585.224948450828 86.9009357280004 70.0220315813276 254.719736558506 309.943414337041 384.436811663927 335.028297148923 258.595726890771 184.644777894773 274.557739831852 61.537625711506 16.5345387303516 15.1054902371547 57.8174941775058 89.896528665557 91.9874594181938 88.4289113639036 216.373908755931 419.588730841206
6.04328674373677 14.5228751613049 187.441157162881 56.1911277549872 17.5024532824066 11.2093561893642 8.05243269688648 6.11089363396756 5.21569764309473 3.83604995829676 4.72546209575222 37.558996391067 655.80740992473 1158.20788784028 1253.59996022884 1233.95982308344 1068.60002457339 794.086809805611 563.717053809289 605.717973547403 1509.3411387175 1563.08343635195 1466.90269603609 1461.29835469955 1440.95698806311 1242.37552785268 1338.90549539292 1458.95218200895 1307.99672419295 1100.5004495633 1187.33408471673 1468.30569812121 1496.26105068903 1641.48721888 1614.66548876924 1358.20728567858 383.306039137359 288.296805291434 607.985749585479 56.5075472389828 24.4761192027771 51.7660323290522 152.474827464135 58.9302502395691 56.8278765676168 337.134775312989 308.525814137923
112.937989017131 259.132645174463 74.006628980575 20.231868191052 12.6324653746357 9.39509099612495 5.97830218333958 9.44962550452291 5.32054401635779 8.92896435211671 5.887515534431 36.5783219883382 29.9744978497636 181.737523823512 1009.20163399119 1238.87699847804 1128.42881588214 404.256158521879 78.1452682081024 60.3265093711459 974.457423380406 1357.96203474071 1483.86845531267 1520.65398140331 1549.73333544749 1491.92687222724 1469.5448435708 1394.60303223226 1370.34936657977 1351.78688347611 1481.4764332155 1373.68590604643 1392.31005895257 1665.42738881224 1618.37513570564 1627.2449705445 178.553979457141 143.011425376751 756.787075777158 81.3329272074411 47.5279050793195 44.627243859666 18.0324331289505 36.6551520711018 92.8954659996874 38.5768851909089 150.719028237279
331.364086497687 40.2223682886871 26.8357395427349 5.18056916607853 4.2340903589496 3.71472605349069 4.64283897841284 6.98665300120652 8.21202096302482 13.8250709653936 22.4981542124096 43.3411542915574 13.4512899852201 10.6132772028432 152.887472799076 1142.47914122072 1279.15287653771 932.978447667875 776.21541881218 831.044230314315 1311.18856651277 1556.20886983614 1648.33583266105 1601.4289968643 1427.06464337903 1216.89066178551 1155.18016687249 1121.54376136163 1349.3612712241 1473.93514516927 1417.04069301095 1095.5004519219 1061.41017849798 1703.48025029171 1635.19228270582 954.208630254986 143.814374928048 819.338818402038 283.63222204637 199.650081416266 56.1447281834375 54.38888711209 36.2019324656023 36.1080517712615 58.9549252053848 122.264804518821 101.804745686431
16.9148976530284 4.97138625387377 22.7095565517842 4.32716209689859 4.30034300898198 3.15865178497007 3.09562877085528 4.04745133591691 4.39450864396524 4.82071839169067 46.9620419859731 8.24525740559074 7.45805118519157 13.9857668080864 18.5644689317855 213.50085146956 767.496482355589 1174.13214591045 1279.05640248306 1402.22098180473 1534.85333409469 1534.83556209762 1503.40388580257 1359.22123707495 1153.5093793132 1036.63177193523 1055.40440425091 1029.72613741899 1116.54332290023 1487.75841620724 1446.14498079472 1647.58294155357 1582.85715352564 1675.39515301988 1391.21958728105 235.691150298051 106.291741237103 339.607797952017 150.418854774489 70.4341452020266 92.6682262227494 70.4266682535903 138.550062495571 248.959220594918 70.1315538844501 48.6046204397296 337.586729860338
52.3543060076079 13.1397052725061 6.05410425400575 2.59559404356014 3.71307151855142 3.79848212619513 5.20597801463422 4.05469874341557 3.65616620041742 7.89348659642785 5.71821530943184 3.78094662901197 4.25997639889054 6.06270990755234 8.65855115340407 15.7465032654444 159.126424044583 874.533489563417 1271.13387716841 1399.16094369024 1466.81938981313 1353.06278908507 1230.23493352078 1197.64478107655 1231.89944707101 1154.85623530848 1113.8699020152 1053.63566408014 1063.41012618445 1462.21666510555 1532.87958781406 1527.69716390537 1587.51994435705 1503.80772962976 991.915602008638 573.230249157061 398.853502300522 201.430852171697 345.127105705529 270.190599880788 147.676111957682 189.303750518096 420.072928870135 488.91686464995 247.381670198597 235.531637227577 387.05475911393
42.6419224925822 41.7810503249909 10.935984626613 7.31580750275903 6.63757273974393 7.64909013044879 20.7129415668001 14.983403294585 45.5033755590944 33.3838639922832 5.05803690089583 5.33904981982862 4.90749231545056 5.00104844942384 4.47744305468794 6.9659446001401 34.2807177007708 171.25809401379 1202.75414805458 1339.66562910848 1377.60898091937 1277.55199876733 1239.54867309845 1199.32292141923 1221.87792944262 1388.87430571776 1348.43115657216 1235.61418467024 1313.06462561746 1469.43959907162 1506.28500315183 905.94954361603 1312.74574759741 1446.25233737193 1052.50356798905 642.595233963632 648.902962611795 326.58290363585 78.3333133898802 66.9558453352136 131.79266158821 163.84709531016 557.499483694295 154.926850632478 98.0759210687006 345.496948449448 605.499329658424
149.334615791881 14.7201290669174 4.48138769772539 2.93144015123782 3.73901535413811 8.76405911564563 5.13124541997872 40.8411960555212 113.963980302031 27.7581556670491 6.5379165738211 4.57310482679123 3.09402371969047 3.4534707935289 3.70395627465474 6.90825483009124 7.4428896577541 45.3290850389382 269.001811908108 341.848183427548 1220.07561436085 1319.76317877888 1226.38816702921 1245.27782619386 1260.34278990999 1452.90428241524 1631.84914734499 1650.2457774096 1509.67490910479 1463.25264013138 1504.59545176387 1051.69988148058 967.765319829815 1474.18732982171 1472.15650620028 1066.25022823142 436.681323568153 300.3911192843 90.5175761285471 197.153565361368 260.789708306318 365.490242946684 295.233844505228 175.896937190027 113.291321864004 285.884630876787 295.739828390523
92.6063851303278 72.6010211987959 10.7318889225138 20.3025524726556 34.8648895376594 7.04017673389272 6.75993795832848 15.1019617177286 24.8581293904462 8.00130635294861 4.19743158745465 5.16461083919741 10.0594944706071 5.6099042406414 3.65708147894497 4.28097550996123 5.51564660074835 9.9625659423983 12.0409412287066 21.8446515969968 721.803618430961 1381.57091790289 1274.24111201604 1236.91837246801 1270.04191168754 1535.20397572076 1530.00480890913 1576.02419832793 1411.76576489123 1392.88498992648 1520.65931388171 1437.91365001761 1586.18768004946 1143.13857119166 931.117836689181 382.576271794404 297.775945844372 424.918443341264 361.881862198404 917.177128227788 704.1795559574 629.949003404089 136.601060434409 71.6518628259023 149.394278490422 281.978591688432 1029.43112274319
33.2621874485581 27.1084838668154 31.8619593048017 24.8275568514305 12.6645760558087 13.253840964586 7.10288038819846 6.09485877863722 6.90201319754511 5.41940898372847 15.3885667727056 43.5630292577824 22.1883497431306 14.548135105571 7.15528247086263 4.61641811917361 6.23725507550299 5.81686291448987 4.98033550082739 7.9081109126614 121.5379983596 1120.55288490523 1221.80078326436 1238.50700928061 1333.63126203333 1512.61274149677 1488.85006275741 1401.64579843628 1455.83675857168 1467.55467082346 1671.87560888947 1579.77409854735 1694.89654262949 1593.27993251986 1024.62114536314 679.780508614471 803.808478452734 953.230905275608 883.614992840434 961.076215321271 433.655278102609 687.065219576124 294.954242883431 155.374227672738 456.734323409951 498.760268672546 363.489282046761
29.8507409942331 6.71076188672849 4.38622694159363 5.55936793620246 8.77555484825771 7.50567096363591 9.92624448598203 9.62336882812907 10.3167631091171 27.7346596260229 26.4827396041534 42.1136433658921 43.3492983641192 31.9817380502891 44.3875930299118 76.3502638655724 25.7671547123728 15.90010115998 6.17042221819037 6.27954959712641 12.4154727138662 24.5105438926856 171.518175459082 1167.39809140968 1393.58387962317 1504.83329020724 1402.92062015054 1062.07746056731 1450.03643942849 1206.46457712705 1638.36134819461 1643.67072615999 1696.04780991946 1711.60976786237 1236.82705905718 575.61632852745 1074.50813730293 923.788589200142 986.467570612931 1088.75085983946 953.910498731629 849.822544916779 350.358084187712 296.419217167179 422.929746356539 943.165301984894 390.102556253622
10.3358138128381 4.44344806274026 7.12801366590956 15.3745004422367 26.983628121948 21.9522875941264 15.0163480432366 30.1456390742669 49.5703313163539 98.0068425270105 53.3942843218971 38.7673979120271 25.9234523501914 20.8715429895896 62.3656159799163 55.8497634818723 24.5701821272231 30.0406844635709 5.83852394278219 4.65043695866944 4.57675786599306 11.6717293928687 42.1407426665681 1124.89041949266 1323.51495663262 1370.38884764734 958.56353949049 420.381770370671 906.875107317947 1594.61694587633 1695.4383754407 1656.19344928129 1634.66760509064 1376.74471095628 1470.54156351038 132.810885205336 342.095110105124 520.909961577615 1051.05573987441 1130.59097015317 1015.16764199676 1056.20862853075 517.633247491165 300.828407829735 270.608122321224 214.144971984887 75.7310932237365
11.2616737030674 14.3976161146351 20.1372531790997 10.9561100245662 9.06189688413616 18.4176685612491 35.268770548451 37.4957991580063 32.3228757758039 69.661180799264 83.4174185673298 33.4719127484889 45.2985145153171 78.6118517762019 76.1764654833647 14.3262690120019 6.11751108264885 4.27321787678043 4.44840383048151 4.59965279563481 7.07176417113584 24.7273574438517 45.1377561296278 267.806453433333 151.825188223192 850.067221562168 620.29045942738 1426.59146028241 1692.22376007644 1636.49575887866 1613.18089626841 1603.35898268268 1273.30161766571 885.360849289862 1471.9527530596 384.963977624548 96.0188639257494 64.4180669355255 367.042287364887 628.875981364007 323.717661900631 462.503262936999 1066.29738046304 939.747139322337 190.655530958848 42.6764155735369 68.4145362378728
16.8869605413643 69.3084849427633 45.9545101405238 76.0789084768816 71.6396709411884 10.4196386719179 33.5315904381975 83.8059708395069 23.995646061087 11.8446039688736 8.93839201425194 4.88726479261007 5.63702852576707 17.8709015866684 12.9028194442214 5.76915024094548 6.24806960394545 5.18025928514072 5.91995452540135 4.00418824154336 4.01092536743599 6.2753864277337 159.007976692529 696.016409113018 70.655458902129 368.222383572866 65.1094022097709 252.054460422241 1082.11973010943 1643.72627161314 1661.99290129174 1575.90125003369 1479.17706864807 1503.85869553907 1546.72739011747 1344.6560074945 77.4904861390822 49.3963222025552 75.4283335799442 315.956464086901 257.218134889432 462.077451906703 593.527346662527 1083.83304369948 57.9873764894338 66.5803145828688 41.4999023796103
82.5158273350408 23.0066974502336 33.812759011794 84.5793236161656 79.2190561173951 18.083879562472 164.400038864597 82.2620189055258 23.9393030368368 28.3376613931899 20.3222423935325 10.7529647945248 14.6765066866135 27.3090446050626 9.59337862076145 13.9154080404358 14.7050811898102 19.453800419525 15.1301784789237 10.5843527481428 8.39608332550402 10.7548389624319 34.1827764162939 38.1888037066792 5.88980374994231 33.0667622621672 55.1370621933959 175.897873156676 304.644879674182 1248.8659021266 1665.15898825392 1545.56418790576 1503.95100485534 1566.32441046978 1398.65045034639 1428.24129482092 184.126779071847 57.6053383793549 288.804748554609 229.567046692416 373.996203266562 424.736823774722 402.495002600317 171.064175117625 146.412798379508 127.33928023602 744.746107396235
9.31608955670129 4.82002476396289 4.79739578707298 13.703817601374 93.0332354656931 84.6724181126366 192.102858683862 147.9791347114 81.6012894903592 88.3437676577019 109.367757977693 33.9422403815528 44.8689976731684 40.0488276999944 9.14629494061069 9.21001280222262 16.7349674866906 16.1034594844631 18.0801891590439 37.983062314692 84.4307819105015 31.4765731683301 109.602312341162 40.64629855253 16.4875233213044 14.4065160492877 22.7679749420915 32.6113706769763 68.7411309471165 902.675898440525 1242.33241830572 1444.73813392099 1498.16238721409 1469.02692513441 1358.57818705275 786.186731157196 240.793319608316 64.3603346626778 112.706368451637 471.934222910509 736.258276495835 470.111966416882 542.573592480803 780.176595476258 413.005686595617 113.0032679306 185.62844058684
5.44227793771808 4.94885170869431 6.68623894763972 4.78133377658063 5.65098781897822 14.1947633129955 149.660573152671 94.6747062590023 56.6326570133836 160.451443930106 120.410766333829 35.901095690191 17.7001285522703 62.093066757262 33.6521833274575 25.5500160422223 16.2654471823731 18.9865944251043 24.1481527907272 20.757423549179 93.4148462242769 413.815025344274 1140.33923305525 1231.8795526176 584.960653052463 189.285202030347 51.8431343586724 19.6559490128831 14.8984825198984 69.1863184795124 62.5028220909689 316.121758109969 1261.57758480013 1447.12312504144 824.956028146295 59.1231826276869 51.0959543986467 134.585604852661 519.317123883062 309.656061609819 289.508738948895 300.384639792399 269.085053368741 257.226953293489 325.800366228744 143.257695180205 144.193922183384
11.643707885927 9.94707791790748 9.19230051222185 5.11892392346016 7.8446363813862 5.90121409130322 13.2482821065525 17.814490573674 22.1514646191546 44.9721731137822 70.7077884331553 37.826934909843 52.0782911153195 95.3802870548391 152.84301378598 69.5799901259319 17.3169288501496 23.7855128247783 29.1432632004225 102.54296168407 285.735865933718 1150.89764789501 1400.67675954828 1032.39139097753 764.432197625624 870.151686330229 556.159429427923 177.676158759025 358.354916762984 140.108872343714 140.372861037188 440.191795569148 865.434705097616 828.662996654309 1180.09943853396 383.766681343467 180.28230147603 345.947297336793 599.979558938583 150.396405669847 277.830883557585 561.429712289451 479.425363447205 260.713804901919 155.390550069199 28.3714928987906 161.980528695299
