IBR/IBR_outputs/Ph.MSAT.TopModel_Clay/Clay.asc
NCOLS 171 
NROWS 108 
XLLCORNER 210004.651214014 
YLLCORNER 7285008.22228844 
CELLSIZE 4999.99999999998 
NODATA_value -9999 
[rows 63 to 83 of 108, columns 0 to 46 of 171]
-9999 4.7511437073301 1.91866228815728 1.10088243918321 1.1090845436309 1.05481048356492 1.08806535821625 1.08157846799617 1.03712243737873 1.08973048285138 1.13774960338221 1.12932172032627 2.20515571786458 1.26542319058116 7.89445171407596 150.459558476224 901.033104113481 643.707762129879 1028.70685595427 1316.94141918413 563.184253127044 40.4674104628856 2.14301317275135 1.35700016516788 4.38633212672635 2.8034890718089 1.52568115332623 1.61520012524511 1.31215375217575 1.28782282339889 2.95600044332291 1.96653487184389 1.98899057362663 1.20796581178793 1.35611523732723 1.74457247897486 2.09100123374292 2.15385244109991 3.42029686139514 9.07748191284111 7.56172715085828 5.64007750427101 4.03352703436501 3.53275808297004 7.43218880176516 7.28923164981633 5.58952191119487
-9999 2.82081749338885 1.96421574241941 1.07536011359746 1.08843981139457 1.05223765734912 1.04892077057146 1.07838707681798 1.07355609332808 1.1067258054063 1.04961979473085 1.03549855606557 1.05180490913497 1.042775113735 1.07368898721298 1.78656764256165 8.01014149174321 36.380099034309 193.757391020737 149.204308198099 11.6609076031391 4.63834630051775 11.2998725422101 2.81300230981567 2.2777760171248 1.35227396246303 1.60180841589986 1.67329390319035 2.01975218163266 1.70670240353146 2.24970386046353 1.44592356421965 1.08575870510743 1.21057910444406 1.58159765245617 1.94482601150228 1.9443819514825 2.28633796757279 2.89822861301927 6.96574314631595 6.74574926775552 7.28605233988385 8.81882396476889 6.22017674205121 9.29809100561044 6.07559519927239 5.2742826660988
-9999 2.6807145339758 1.79234253848576 1.03130019941455 1.04031852936502 1.03234223661093 1.0300046847744 1.04791817596696 1.14808793435992 1.09681292008124 1.05753552186585 1.05209998242619 1.0326415862141 1.02517591483827 1.04029792772021 1.08739584963604 1.04591386084261 1.09279169463803 1.11753090489187 1.07691581427418 1.22651839160992 1.42692578410376 1.14186170171397 1.13982925559292 1.36397158478461 1.41674326168007 1.59339758896524 2.20851617911303 1.59941912681246 1.67400314857888 1.96542429287766 1.956300599841 2.36988366963883 2.40968847130952 1.96402783472022 1.99955699876223 2.07803947623147 2.44266637961354 2.49603952922367 6.28138052649111 5.98932042291973 9.84906435759742 8.02764595335177 5.77698186983799 7.15584870963747 6.21292575257027 7.77925128124209
-9999 2.03992470095284 1.48592702856904 1.01113014023608 1.01366360014336 1.0241227882063 1.0348194459571 1.12881414669938 1.12572144433837 1.06130288948785 1.08369497928052 1.10165240614934 1.07546409426002 1.02473187111228 1.02981893253309 1.1561705407015 1.10151075387369 1.10190551520319 1.15506242543056 1.07455130598846 1.08563661053749 1.3418325413006 1.18681628852538 1.32074449175276 1.29774711040959 1.24622738964853 1.49215691733988 3.4963459917148 2.0928622813799 1.70743803477498 1.64695186902449 1.75265796085806 2.20164759124971 1.74126230175458 1.58584980810803 2.45413159204584 2.38059834434373 2.71430972203604 3.04953929615278 3.5405603710099 3.7371183794546 5.07350767338007 12.5426817383648 13.0726094472563 11.1117520765612 5.25982956061766 4.1635642836178
-9999 2.92920704590707 1.65371206214607 1.09305144159056 1.02031299007062 1.1258844524614 1.10072604922732 1.14801109444575 1.07960306799264 1.08362541282946 1.11357513656426 1.12160545283678 1.06208471539573 1.03567776672289 1.03070399601473 1.05473477486837 1.06644269130701 1.17258930763003 1.20196391306874 1.16151817216493 1.34193470821459 1.48241113382455 2.08752992820058 1.59546541383777 1.21258058429959 1.19581308294938 1.49456379951743 2.17735423900585 1.81185373093565 1.60948596386202 1.74761791840774 1.81712428173035 1.79752609075916 2.58482915754346 2.50661640470098 2.79315921618075 2.17823453802734 2.52839199408677 4.11578575404597 3.60425857706371 3.26957334879311 3.01664677427305 3.49940461924012 8.51824742381144 14.466705519433 14.1388948889845 8.53001222398063
-9999 4.26446110473408 2.07954032633516 1.3476445296127 1.07168190313995 1.10199939621329 1.07446741427702 1.04716863242017 1.06374953703149 1.09408895174109 1.13408167559812 1.06206122823834 1.04968894981039 1.03295481632764 1.0304848685394 1.04931980469581 1.06730326576585 1.15604194561609 1.22287848673347 1.48266734131192 1.38401204934047 2.63868846004186 2.69652930106881 3.08037807010842 1.35284838149015 1.36602540380129 1.6440434205055 2.50212695663095 2.69109767039976 1.41550188717848 1.6063923777207 1.65345914043593 2.7745974858426 2.85197987322911 1.96454308480046 2.93753290556456 3.77008752471648 3.55275499034585 4.73408363211724 3.83986475616847 3.54406113546716 3.18003355297158 2.9424469904309 6.97774743372508 6.68094672664656 6.72589076791329 8.61259960498587
-9999 2.27077641064418 2.1473371151321 1.14699808115243 1.04516758604327 1.03653485380066 1.0244677173609 1.02502034170786 1.1029126946044 1.12209497151979 1.04955854963286 1.03220755097302 1.02874524291188 1.02630627776782 1.03199068464891 1.05410819792609 1.06147229371007 1.05803556091187 1.10755438050944 1.38192300321052 2.29502720928914 3.27221986649674 3.31448791487416 1.59584468618171 1.63660129664589 1.35007742045639 1.67681251760249 1.50714931593455 2.71745411861561 2.12227614732691 1.78965443902894 1.65505322464062 2.39614934655481 1.95488108568179 2.19604044380573 3.76589027020276 3.66786318393764 3.90306418373396 4.15225692164315 4.16677004943596 3.73996005743506 3.30878112544557 2.78160605159928 2.49278388906812 3.60747413282337 4.74987662043269 5.44487372752415
-9999 2.99440658724549 2.39256105414997 1.10496675609118 1.02624887544752 1.06253209877713 1.033861996757 1.05829091452733 1.10650776957241 1.09379130253527 1.03776159522358 1.04009125337897 1.02802372067965 1.02647929385171 1.03852401825151 1.06074999859094 1.0930816820965 1.29571152085166 1.59702798107658 1.28367654235969 2.17493165957994 2.83473251352065 3.81528039486658 2.21792204576407 2.34290879044329 3.45233895630041 1.57062979900979 1.52043775070259 2.44123828184078 2.23668215355192 3.09423489597806 1.39736423668854 1.99507475859663 2.25439460840027 2.38422148898161 2.69781372734696 2.98057407108892 3.97544778751273 4.14477861944073 4.48472046048645 3.82002172871087 3.73026613865132 3.18716281693058 2.63747504074961 3.09709781089904 7.45459085785582 4.86335071084906
-9999 -9999 1.52920745986705 1.1323394294817 1.02225230640822 1.03112597825803 1.07024704684697 1.0615177938839 1.06323310745303 1.08946170905499 1.04576158449033 1.03234429717314 1.02675236329031 1.02542046983616 1.03983190689407 1.09132412529599 1.25331868774398 1.57294835683168 2.15057673138234 2.06603047767505 2.72945701434365 3.18497726632092 2.70834361033917 2.80972793355563 2.0426982706756 2.5300873151646 2.71974434518701 1.50850929094126 1.81004096653482 1.74151507523 5.69585436827733 1.77226639934923 1.43111300142272 2.38162247627752 3.35398868606555 3.09681623997013 2.92864256520767 3.92575788380743 3.96914492700181 4.13400488321548 4.27240544065164 3.70004557422989 3.85830977270302 3.15597777150489 2.6368262601645 2.85867940067432 3.67004254587543
-9999 -9999 1.12411738264815 1.07688040965901 1.0466506383481 1.04882556963658 1.06060534486048 1.06756741020784 1.05891195404524 1.04739865794056 1.04784001570439 1.03870375986507 1.02642401534456 1.02754565957384 1.02867998820612 1.07401143410566 1.15958591491959 1.33112238332856 2.03183643567536 1.92114016364819 2.3116100922713 2.36976969569368 2.80219968995284 1.86249572593705 1.51765513173334 1.34308136373663 3.0983530975509 2.83393868137433 2.54849982504139 2.33133845348209 5.01769540030747 2.60651029978039 1.13955979327063 2.05435142457962 6.49737730564135 7.02901040609053 7.74114765715063 2.35183399044787 3.22531583154433 4.81805455587414 4.34237191641496 4.25426985894669 3.84957966415574 3.29363058768765 2.80444749529829 2.63060245830835 3.35169481815598
-9999 -9999 1.04506974053592 1.04415068284408 1.05799208222217 1.05877479814735 1.06637706007739 1.06565893940964 1.05910177923657 1.03891422234934 1.02779746647591 1.03044925356528 1.03110554315396 1.03000942520746 1.03509407237313 1.04931589766493 1.07190785583706 1.29728812006918 1.75119279170333 1.48270012593998 1.76972391178856 2.10805135641265 2.99677747941114 2.70803444450098 3.42203894293278 1.795233084214 2.15786151790923 2.95725699086633 2.49146293502128 3.74096194187427 5.7966985988537 5.35149205969524 2.7897756780026 1.39143014445761 6.38967501235845 6.13486046292277 6.66950945622962 5.36151803838749 1.99471019411695 5.45913784085173 4.81498843636061 6.64142029043 3.43626257566591 2.80857003436422 3.10847170941132 4.05354383240742 3.99151237103386
-9999 -9999 -9999 1.06086185836845 1.06078372287622 1.06192133276974 1.06171816944464 1.06355327275629 1.06431820240773 1.03966399829205 1.12226184916582 1.03373994452826 1.02946857294091 1.05415943556448 1.03530112277029 1.03942124245137 1.05523196238589 1.11913656357322 1.23325306070116 1.29048891023354 1.28648995069157 1.62974012705732 2.15608474050403 2.9260404898904 3.17182573737129 2.63639985383289 2.90073763875502 2.71170440654505 3.04858676846134 2.83797432006535 6.08820257504873 5.01298411328966 6.19240372266058 3.38125922300349 3.03358297000113 5.67576052370705 6.05007609758486 5.77137336471904 2.88149372544755 7.63887153195092 5.32646152128732 4.87374428134538 5.94537752127265 3.39055664151826 2.8118211601437 3.14103430724795 3.7709750546417
-9999 -9999 -9999 1.19046804238681 1.25152803791294 1.14129170146669 1.08337372360129 1.07613739881039 1.08198763629519 1.12529772543173 1.10340900017548 1.03526228021341 1.0252724001719 1.04544605801177 1.04229783917081 1.02849761712039 1.05491547768017 1.09069126814145 1.1079025549447 1.09475869700501 1.18158750067207 1.57250253837667 2.65573355938265 2.38809320917996 2.10235280772726 2.79984697297717 2.99831977846251 2.90097068878443 3.2089083722538 3.23770501150125 4.09475573752462 6.81023946983047 6.48613744650432 5.60824306107394 6.46979763917151 5.34224630995059 5.84244299816627 4.73294487941429 4.25742966026611 2.93826830577213 4.86962811492149 4.81894616982238 4.4741484253803 4.69463269074371 3.00411035811136 3.12112978007938 3.67040886886776
-9999 -9999 -9999 1.4762498737141 1.31082171966792 1.24782252803249 1.22337047032808 1.22962459965075 1.10918112520814 1.11238678821808 1.10622592005639 1.07402404683395 1.02356355448363 1.03871066750958 1.05971293191256 1.05561256712166 1.04937861069501 1.07748873506682 1.0837645417842 1.1369927377213 1.17252472653561 1.29314558444519 1.43067551575211 1.93991164028893 2.03202474733079 3.00549293214141 2.85305871974978 2.97043197693763 3.41626273543815 2.67912562283926 2.39006914264397 5.94559042436321 6.7579536819093 6.83347555207331 5.4324692739827 6.71528872310784 5.74958729349731 5.17193898528568 5.24130728182234 7.54621893501675 2.94443257175761 7.06530583454766 3.98225362533693 4.74801644784149 10.1579378491865 3.27063688822419 4.13088025736404
-9999 -9999 -9999 -9999 1.20292031811243 1.07893958370105 1.10967660446922 1.14368391479687 1.11094251550758 1.11364410998106 1.12170843351395 1.06071743172171 1.02189269170467 1.03367068539317 1.06710753817494 1.0722401776755 1.03360600738776 1.07476416421549 1.07980004871595 1.11195789804609 1.11854033789778 1.12549396300211 1.25986733588709 1.68033410793653 3.06749535737627 3.3268283208472 2.78470061232844 2.59601259333642 3.29505540601754 2.76980954174701 1.81162024808003 2.3825000432001 6.77920513744494 7.03242944045069 5.97585781017721 6.18745049751992 6.08684763723329 6.02218548608407 5.26084919909353 6.58920561930431 4.85625331737058 4.21705285761331 4.50161732275157 4.49326700768121 9.39708745004948 6.92102451949995 2.99452302722386
-9999 -9999 -9999 -9999 1.07871208456653 1.07081836167648 1.06222843212259 1.09734181916781 1.11436349982324 1.10250454384526 1.12653335635602 1.08757108728858 1.0621575382108 1.02789896622339 1.06204169656155 1.04047743915396 1.03726544585166 1.09652796851708 1.12250081299988 1.25421450378437 1.11444032910266 1.1659965451557 1.46003688359794 1.46605430518404 2.90917193393215 3.20004593385831 3.32211947611076 3.38228816369653 2.84170699101921 2.91303938558527 1.49737059090325 1.36747790609018 5.02268812332988 7.93514710938399 7.35730211837275 6.21581352179085 6.70608424339106 6.97549724402246 5.97578519696025 5.50532733151508 4.51924316980231 5.15734044837456 5.51440968054213 4.8245039409128 5.23986227120085 7.04781924563122 3.59285083792104
-9999 -9999 -9999 -9999 -9999 1.05986859609123 1.10564043812668 1.09424780549477 1.08058235658559 1.07427083135052 1.08615134321619 1.1724881223475 1.17497297696393 1.04586803573563 1.05323490421491 1.04575309717799 1.04833855377985 1.08797865615149 1.17218303148391 1.43752774599615 1.25516775598771 1.30637648638374 1.52239649247852 1.27030733217207 2.06977749365211 2.11043740527752 2.40845952644713 2.56649690731447 2.92140065021044 4.18199308866339 1.57151803283742 1.461412839091 2.82666698130682 5.91366393638279 6.36968342917073 6.22556536146245 6.55322190667691 6.60647068792653 6.06802358396926 7.49659485425001 5.18478375392632 2.79307023157187 4.6258237056586 3.7613124705476 4.3704513647736 5.41564121427272 4.4985397807007
-9999 -9999 -9999 -9999 -9999 -9999 1.18635010178432 1.254040436319 1.14756217662746 1.10635876061091 1.1133432142855 1.07861147808189 1.09388604195118 1.05329999984266 1.05258450769998 1.05990192318676 1.07540874940201 1.13414605264504 1.14904317514556 1.48860241579834 1.5706206319639 1.25295506784904 1.14311211908608 1.15204920597235 1.48288277349969 1.36420353378991 1.24494368899017 1.28349974515594 2.24157503632369 5.14994224718446 3.3064488268678 2.13305282061902 5.20007928279175 6.56644284213098 6.52582172143204 6.46993732804632 6.94509400295815 7.92102847055617 7.22850341255142 7.40512852028505 6.56729177517188 8.66786017946649 7.96731300751388 3.12417671062069 3.39186187126112 3.80829399196661 4.07610698846036
-9999 -9999 -9999 -9999 -9999 -9999 -9999 1.28267339013999 1.3499234777457 1.116372779192 1.19784255274392 1.12159115559287 1.10317815413827 1.16893061961986 1.1143364771873 1.08345566805204 1.11383292803324 1.16069049831896 1.22755443167889 1.2383913650926 1.69092386304468 1.50091125446949 1.16998552324585 1.22299202569872 1.77106812924009 1.24972117541154 1.08818646329729 1.11744607213849 1.27718852523931 2.43136988293224 6.01596703903885 4.56559696105044 5.53597757410333 6.52354414805077 5.673195598874 7.2631977316375 7.27982683641325 6.66680465593974 6.87417605285576 7.16909967794396 6.84282582336191 6.56151833601878 9.78777909086824 2.92527460205457 2.53793764845579 3.25629470811113 3.17562806669126
-9999 -9999 -9999 -9999 -9999 -9999 -9999 -9999 1.68629393281249 1.32277186947885 1.35765987967029 1.16047179214003 1.11180969785772 1.12895937642267 1.14969204967117 1.14843719441416 1.20336596417752 1.16939219814965 1.26016498134489 1.17098849427391 1.6188011120253 2.15669752187891 2.46783637164388 1.53189905464697 2.84623662130572 1.63921054258806 1.33363526733376 1.70820131771651 1.91279583811989 2.35916978224277 6.45137009573329 6.18364033914883 5.63533993558601 5.34327299684338 6.09679347162984 7.25174686523463 6.93543283748284 6.50143812030795 7.08239028698828 7.27224354843363 7.24783427126255 6.20426064145402 6.10824198965565 6.57083513211205 4.37085227123074 4.48310871589626 3.52180886107834
-9999 -9999 -9999 -9999 -9999 -9999 -9999 -9999 -9999 1.40280132560684 1.39014493018615 1.23345370337554 1.1794956485789 1.10884328212149 1.12118609611034 1.09263181696392 1.14707805762642 1.14604029412791 1.14153159193976 1.21790097874235 1.21434100500595 1.71769181543842 4.06110898155752 2.57880761627978 1.6385537341392 2.15631428448503 2.11084598460361 2.01338994711533 2.03570369816681 2.16042761797591 3.934102506817 9.87602909005664 10.6755492941027 10.7898920793795 6.89210205583779 6.97645652363673 6.57944691065764 6.04615327139091 7.63127080331086 8.10421067877378 6.96356274419695 6.12669168115317 5.7298502150028 5.91332692866257 8.18681992760633 7.31643830675108 5.45708197974464
