IBR/IBR_outputs/Ph.MSAT.TopModel_Clay/Clay.asc
NCOLS 171 
NROWS 108 
XLLCORNER 210004.651214014 
YLLCORNER 7285008.22228844 
CELLSIZE 4999.99999999998 
NODATA_value -9999 
[rows 0 to 20 of 108, columns 94 to 140 of 171]
-9999 -9999 -9999 -9999 -9999 -9999 -9999 -9999 -9999 -9999 -9999 -9999 -9999 -9999 -9999 -9999 -9999 -9999 -9999 -9999 -9999 -9999 -9999 -9999 -9999 -9999 -9999 -9999 -9999 -9999 -9999 -9999 -9999 -9999 -9999 -9999 -9999 -9999 -9999 -9999 -9999 -9999 -9999 -9999 -9999 -9999 -9999
-9999 -9999 -9999 -9999 -9999 -9999 -9999 -9999 -9999 -9999 -9999 -9999 -9999 -9999 -9999 -9999 -9999 -9999 -9999 -9999 -9999 -9999 -9999 -9999 -9999 -9999 -9999 -9999 -9999 -9999 -9999 -9999 -9999 -9999 -9999 -9999 -9999 -9999 -9999 -9999 -9999 -9999 -9999 -9999 -9999 -9999 -9999
-9999 -9999 -9999 -9999 -9999 -9999 -9999 -9999 -9999 -9999 -9999 -9999 -9999 -9999 -9999 -9999 -9999 -9999 -9999 -9999 -9999 -9999 -9999 -9999 -9999 -9999 -9999 -9999 -9999 -9999 -9999 -9999 -9999 -9999 -9999 -9999 -9999 -9999 -9999 -9999 -9999 -9999 -9999 -9999 -9999 -9999 -9999
-9999 -9999 -9999 -9999 -9999 -9999 -9999 -9999 -9999 -9999 -9999 -9999 -9999 -9999 -9999 -9999 -9999 -9999 -9999 -9999 -9999 -9999 -9999 -9999 -9999 -9999 -9999 -9999 -9999 -9999 -9999 -9999 -9999 -9999 -9999 -9999 -9999 -9999 -9999 -9999 -9999 -9999 -9999 -9999 -9999 -9999 -9999
-9999 -9999 -9999 -9999 -9999 -9999 -9999 -9999 -9999 -9999 -9999 -9999 -9999 -9999 -9999 -9999 -9999 -9999 -9999 -9999 -9999 -9999 -9999 -9999 -9999 -9999 -9999 -9999 -9999 -9999 -9999 -9999 -9999 -9999 -9999 -9999 -9999 -9999 -9999 -9999 -9999 -9999 -9999 -9999 -9999 -9999 -9999
-9999 -9999 -9999 -9999 -9999 -9999 -9999 -9999 -9999 -9999 -9999 -9999 -9999 -9999 -9999 -9999 -9999 -9999 -9999 -9999 -9999 -9999 -9999 -9999 -9999 -9999 -9999 -9999 -9999 -9999 -9999 -9999 -9999 -9999 -9999 -9999 -9999 -9999 -9999 -9999 -9999 -9999 -9999 -9999 -9999 -9999 -9999
-9999 -9999 -9999 -9999 -9999 -9999 -9999 1.25118589598085 1.17157113624125 1.15396981111105 1.21017055679587 -9999 -9999 -9999 -9999 -9999 -9999 -9999 -9999 -9999 -9999 -9999 -9999 -9999 1.04548737279895 1.52645257594657 6.8313860365706 1.96356912777327 17.5069003520326 1.13891262978462 2.32287965294673 4.2343602968993 16.4900301489781 1.26331164655648 1.30484621149846 1.1513027396363 1.02563243463967 1.01559897741274 1.02487951942266 1.0450037469712 1.06155624176572 1.04353012519487 1.05518365971005 1.02496312978672 1.02767125596477 1.00770357721408 1.02205304807281
-9999 -9999 -9999 -9999 -9999 -9999 -9999 1.37863486917282 5.8945127641222 1.27287886019818 2.71093507148298 1.05372794580803 1.26874056273449 1.1436559888157 1.16075248574318 1.08338525893913 -9999 -9999 -9999 -9999 1.0990937261896 1.50458395199785 1.22798377246537 1.38403000388683 3.88414309652988 3.35870878276829 3.17611394923578 1.35413480245987 1.15777390063844 1.04573570558542 1.33267907438129 1.22133965037149 1.2343592428661 1.19473427522588 1.07156961198231 1.0831860767884 1.09339284509764 1.01330977094501 1.01257731444093 1.01267615760414 1.04084470141926 1.04050115244489 1.08811965076004 1.04668771731269 1.02378318278406 1.00912971873115 1.0126264658309
-9999 -9999 -9999 -9999 -9999 1.04110482393924 1.10557680421049 1.27472862347857 2.24696863871194 2.38072934249771 22.16980745135 150.724115522768 224.929413184143 22.7754191813521 10.0745887816388 2.42773486541147 1.18236464749829 -9999 -9999 1.01545820950826 1.10240179153291 1.76819694011062 2.46104629021434 1.1372811329286 1.14914811433039 1.14583068289057 1.06024305412552 1.03105145166776 1.05995665650853 1.03701509522644 1.06122428244313 1.04895525095326 1.09588649039101 1.11420681516096 1.14662144093332 1.25676513229382 1.102398150515 1.07274915062792 1.02136136833948 1.01332907502964 1.01116234877805 1.03061544461661 1.05271508385799 1.10049453220992 1.07219328040525 1.06389757025432 1.13445658431001
-9999 -9999 -9999 -9999 -9999 1.08494540112806 1.65098615170976 306.998118890342 24.7906909230887 15.1131375754621 141.52175844382 30.7770504753936 10.5163747853642 5.82213009055382 6.95964785543198 5.18375789377643 1.37091226387281 1.22708654223833 1.20751352504984 1.2381856170436 1.1869662663537 1.0904149892116 1.06288598067554 1.02550482857467 1.0354200131957 1.03082000038895 1.01907585780464 1.02606167589447 1.1295655542389 1.06463022790705 1.01341414638042 1.03918842214616 1.02370537193481 1.25572291162738 1.28495281874219 1.47333635504086 1.07852843844432 1.08378904367312 1.03788988943659 1.0326774490099 1.00838416713425 1.02185921282374 1.01052101480141 1.05148795172323 1.11411521486052 1.40588849533322 1.4808893829489
-9999 -9999 -9999 -9999 1.02277472090745 1.63831366373071 40.477346091511 133.855580986989 241.864457443846 10.9279510317111 44.2207305657023 204.27052317397 44.0924531088612 11.9230137816012 1.53003436898078 1.12401332582051 1.09151538463546 1.26141055750058 1.06255730382868 1.06041155285687 1.02800235831535 1.02073145236717 1.01375215398564 1.07617573585638 1.01949564538953 1.02058350825612 1.01514865873253 1.05956075820142 1.13077178443259 1.0507018537132 1.01109047702003 1.02300463178867 1.16709999143107 1.07793311489425 1.29009769242836 1.35436799948299 1.05781034311407 1.03853992166572 1.09116616083781 1.02229207622772 1.02796761369534 1.0534143184267 1.01606759201007 1.01096414139284 1.01279926658315 1.01513347837567 1.02428053484432
-9999 -9999 -9999 1.25822238223945 1.60677328730749 20.5187732037674 128.746045691577 37.5708183289859 29.9373960199759 16.6087323050987 152.94660438156 341.107862999432 77.8437730110326 4.33129081577412 1.1280364116472 1.15929471892882 1.09703507218059 1.02862841203899 1.0230140128904 1.0182550276153 1.0196929182109 1.01107058013101 1.0120336595109 1.04085361541886 1.01719406320744 1.02094901483826 1.01400251067651 1.09066988125204 1.28364109119464 1.07582927558404 1.01154893648355 1.00918257093533 1.03240663031299 1.1897819135641 1.14803016524335 1.22592720893909 1.05207153559148 1.00975511841407 1.05869001383097 1.09448093879115 1.04217400189393 1.042561999481 1.15893162864602 1.14097566015118 1.26885039094166 1.05101971221304 1.02463030465714
-9999 -9999 1.15491478256216 1.77467531198005 1.04347239198803 1.78426604378215 25.3990385651577 106.142030626587 28.5269390630095 3.36469770704641 492.870638840565 488.983799833883 179.813433535299 15.2489782024511 1.03825054998082 1.12972682856103 1.04426423536693 1.02825071438858 1.0242821799565 1.01247155127848 1.0178140552128 1.00944620033256 1.0092498475195 1.08128527454955 1.0724258881269 1.11649861559983 1.07095585583815 1.01816934568761 1.13588358317986 1.07342794093013 1.05601514633683 1.01423914941808 1.01248408010724 1.01514431590828 1.01229744939241 1.13031407457277 1.34880954029059 1.02650567043338 1.01888843957521 1.09111648507524 1.07955411007754 1.04420010951923 1.06743026590462 1.44951546037276 1.445406972502 1.10833134134574 1.40524294813006
2.64187511837884 1.17640965214447 1.15822511696854 2.24328621455547 1.03969830992649 3.57378482437311 1.51526466070766 2.81680625686857 8.01548345612319 4.5413246936381 54.2461446268385 850.887026613197 474.980315791288 86.4103712693685 1.26573087789391 1.02827853956861 1.1127713159951 1.03736101767408 1.11009768163757 1.03675460698991 1.06321953181227 1.01990364725934 1.01272131108288 1.02268497397916 1.15974834189143 1.38746907922898 1.20113995157491 1.05876165338494 1.50448409809539 1.10380707420738 1.12170999381954 1.01365568837098 1.28414819371307 1.39702679024656 1.0865233858069 1.14284309804511 1.27949120552206 1.14982200851225 1.02326782137516 1.26433623327239 1.07443353944306 1.01608667995136 1.01752345453963 1.39605175160802 1.59054383169324 1.14604580019813 1.53321512497435
1.71109341911451 1.55549972945394 2.01971124257673 1.86963867354523 2.1138639014367 1.51590965448427 1.45451782024373 1.51568741149873 7.34024581573888 3.81947440279576 4.21047723830005 10.4468351103305 55.9184045045671 52.6884978528689 14.2167259094273 1.07068762374252 1.10035363940513 1.06854112284947 1.02602823279517 1.03339926336204 1.05759217923459 1.0571613891133 1.01430097614869 1.07998758943317 1.26260468456969 1.14466278060367 1.37298639210693 1.11528006533462 1.65932522459697 1.53619367217189 1.06546680363953 1.03081010847773 1.40904082697538 1.19118125668862 1.10899475715346 1.3103918240653 1.06002870312754 1.40766242514253 1.15867779387267 1.30769309679369 1.2268979963077 1.10689095571403 1.01402620545072 1.07459619071081 1.65606078077696 1.17074713195253 2.00769021506509
1.18383998657374 1.27719946564476 1.1748038149201 1.38513863481346 1.56224610702623 1.62028082089915 1.4165417885839 1.49390470491755 1.61674102728425 1.55029864462245 1.72956645589978 2.11312916992016 2.49363937544173 6.57597130957115 3.17862289146 10.6470637682702 2.32693524329122 1.14739645517628 1.08454817522413 1.10172751982579 1.11069756901212 1.12526973611766 1.06148877575022 1.02530402439197 1.11739010990466 1.88165590104569 1.79883134773639 1.48710704442665 1.80341540933153 1.10614699526043 1.11260496132573 1.63174810554794 1.43228727427404 1.04333559284501 1.22070053909711 1.19588420733597 1.26565571888213 1.483265569879 1.29998363140681 1.06913401030744 1.05404045315735 1.28408112297935 1.05475109740039 1.14954797126394 1.21001929286114 1.04601609795165 1.14040052094676
1.204867379116 1.33185071235043 1.28925890395742 1.33640111038009 1.36598529443576 1.33705384101738 1.24439562925313 1.34602651160553 1.72006517445229 1.39482694186579 1.43208239827647 1.69147999303231 2.27429094095543 2.49396753267612 2.46534776133662 19.1525843905512 114.194801221999 7.62348062931904 1.43660482074392 1.62992223947626 1.55879276227967 1.56444076965751 1.679013106112 1.48293920368922 1.29850203229938 1.56642886693007 1.69738767464273 2.29228242848825 2.08795867070849 1.09327013722812 1.66578231991251 1.61208292235424 1.58796519406966 1.37119906694195 1.64241981835423 1.54717668233888 1.64293740457763 1.60181720465965 1.56230400045999 1.03263590494733 1.35005849362102 1.30639036795748 1.70921288683706 1.40558055477429 1.52628497974865 1.12162558762015 1.10002875823293
1.33465850853123 1.4560501278944 1.42108994096023 1.41723609359604 1.48902795537817 1.46007182892575 1.49628496746033 1.66226829865573 1.35244516004092 1.33659165682944 1.51469677035754 2.10394792389089 2.35886626525505 1.6838650208547 2.37774265355455 3.75059547685664 8.8989344413382 178.159843569134 2.88392976695598 1.77816357077868 1.70049131671923 1.42729641367462 1.53106730003666 1.37654890307687 1.45629768184538 1.69212903984061 2.90773322710438 4.32567547063838 2.19076621348878 1.36159202903419 1.78256111613504 1.66227845319046 1.45183973590227 1.96963430349392 1.97959208245316 1.48320945449998 1.45070753829443 1.52637799674308 1.0697891433974 1.27644720438675 1.21032962011288 1.84547937308315 1.64234899353693 1.63573731921442 1.5589086607967 1.15325398780096 1.07352927308734
1.27599174267597 1.35317696705566 1.50531042093892 1.38164186543337 1.33893789703648 1.58936304892431 1.43804768756769 1.64107688441804 1.7651347558048 1.60601391957021 1.3597953503161 1.88726273641455 2.00611293594198 1.55332121380932 1.6140306086261 2.16052333252263 3.86470347945465 4.86613408154174 27.9533639920228 3.73776758887446 1.8910819877491 1.64395031794378 1.42160207289416 1.36282200277971 1.58344798538705 1.48840619257649 1.25870548858723 2.06549059528339 3.68542442418443 1.93245520408053 1.78207679532469 1.4803221559847 1.55893927180797 1.20734870087751 1.27108372997089 1.64651743362261 1.59296314969835 1.1592717538777 1.09730456477024 1.2663878188393 1.9457009509262 1.28525912640837 1.26713989631913 1.5487200179939 1.11753025905456 1.13695231833456 1.14157999188402
1.37632147373972 1.44647532028677 1.47889896640567 1.48659005808013 1.23663958030462 1.47022697680596 1.33840834448533 1.5887036838257 1.81103328198709 1.62811907406253 1.297327012243 1.32441924169963 1.51604153875901 1.41627107926823 1.3728014178606 2.0538443770601 2.83164345520615 1.88697714721707 2.31182358694571 3.04788424528829 2.38151760899452 2.57898852853505 1.48195790565962 1.22805396265139 1.15111076284364 1.08143717976747 1.09643245123333 1.10394981963173 1.42951910645741 5.0733798646018 4.99445936608254 5.30359676920883 3.30474109304239 3.47502748258812 2.13271296464798 1.62198565389174 1.12626079938762 1.07738908573677 1.14696951326108 1.76314984981199 1.98775325831061 1.3937249717193 1.11591383815962 1.12825133947771 1.10199573204509 1.08136735854377 1.06426578062198
1.30391132307218 1.54874365992912 1.47534915335963 1.32267541992895 1.16884442185242 1.48818223759384 1.19766645108994 1.55328202146173 1.63851457086724 1.81163150586537 1.42040581285652 1.52158834436853 1.52234766316534 1.46735606827911 1.47412798439685 2.40130364467387 7.89856786652702 2.63185723257388 1.97024744852593 1.77009319740429 1.77629109141632 2.09608574990782 3.17771050333923 2.04747978644453 1.91506282747096 1.1538120592149 1.1058322671991 1.07529292736707 1.20149679290756 2.03290725649991 6.76224900642711 4.33898597782027 4.93145946118353 8.28342453707652 1.54900900023871 1.0370847717226 1.06672138093188 1.05244279858668 1.0602669669718 1.09440329095903 1.04032657040032 1.02925666741352 1.00915733509592 1.00961469284739 1.01533294720067 1.02842727995075 1.04332918134575
