IBR/IBR_outputs/Ph.MSAT.TopModel_Clay/Clay.asc
NCOLS 171 
NROWS 108 
XLLCORNER 210004.651214014 
YLLCORNER 7285008.22228844 
CELLSIZE 4999.99999999998 
NODATA_value -9999 
[rows 63 to 83 of 108, columns 47 to 93 of 171]
7.10911231317119 5.2986882755832 7.97767605752103 6.79482414573086 8.96718297768648 4.7853239964439 5.24670489427192 5.00043015534487 5.14803194983481 4.50419381047709 5.03029471002379 4.64797756522605 4.53444483862276 5.58306323415831 5.99369094724097 5.92737173863809 9.03371133347484 10.1719805550631 10.6138138718853 5.43843722202102 6.67847263391834 17.3575888042162 6.94501592252863 12.5793830434004 14.356630728165 24.680413096004 20.1173178963377 5.61410759205367 11.29341915997 15.3139046527035 10.8998203127429 13.8744403787207 6.82498597130544 5.79610713954581 4.64064878830921 4.67764442365397 4.44959733723873 5.31295219878949 6.78961312540977 5.93172398756115 6.62353057475039 7.59709322882761 5.01673101180984 4.92308030229359 4.75773507618401 4.83446564226449 5.04720743685566
5.62260974736165 5.01867468198411 5.25232656608037 5.00667590576684 5.682855496464 5.51035327065707 5.23228635376365 4.73212236027369 6.40218338392383 7.74478841946291 5.38550640467777 3.82042920568807 6.31276844942187 5.25172776632408 4.92849433654855 4.49456214340942 5.72940503073663 5.29173371850648 4.72197564409813 5.70281511421495 6.12147974897158 12.5667593648805 9.54904824920081 12.8357801131736 23.2884324380485 23.0766118655513 30.7948053626989 10.4240891968049 6.97469941509709 9.29149417197913 15.4276464626976 9.64773786636475 15.7104744960489 14.6458958522348 8.80885818991687 10.8018209199411 8.21078189825823 6.87090239312279 5.72162280730317 8.47306730853407 7.4460063468993 6.92201826482004 4.94294817285061 6.66692043134432 4.58705830760504 4.42219183524787 5.61669735602656
7.42829930828508 6.14976015687953 5.20998682889361 4.91577033047928 4.88488292942627 5.09101662707966 4.66787863933325 5.03981653834035 5.83150199203214 4.97517595742005 5.34007965667746 4.95864219311495 4.97796441354561 5.16744214464057 5.91507675214772 6.97128695631682 12.4094328813695 5.8796464723561 5.35357863840414 6.15566291292231 7.02638474241942 7.28447475120316 7.36119507171658 6.00925552347379 7.62754140254655 5.56732284806269 10.2766288965294 17.2454905080699 12.0550013390585 11.1690027340033 7.88293653414087 18.1622824222988 11.4677513206113 11.7209857080477 8.21567653080499 7.13880876916191 7.78405595771705 9.03020096648738 8.60933430549785 7.51890727163637 9.80848797737428 7.93632116602027 11.2534070655929 8.06362613867718 5.06968109279195 5.45661694013599 10.0484269862865
10.1797601036141 6.7368724554745 6.21591247238713 5.86661114636625 4.98850330798249 4.92211858864731 4.00816411064029 5.25593355756043 4.0448662399524 3.66765683081069 4.95815406005825 4.55439572130146 5.05814887349473 6.79058481736869 12.5816474729579 14.5557128497935 10.5770792375209 16.1236685415678 7.45736066895252 5.06734472621189 5.53338346727409 5.4453051057428 5.59755605924743 4.88656995724782 5.73023676555717 5.03331605999438 5.68754585296326 4.88270080378581 4.86759001561313 7.36555949573022 3.79494007449335 8.01314968383306 11.3856131178712 9.51445583841523 5.3102591739392 6.98253408305462 7.74644709382066 5.16039327676846 7.30402530622477 8.70815267722537 8.76927499737407 7.12269600876716 4.81509143581051 6.20905507529085 5.83974073995507 7.74612713972204 6.12832664247817
10.3855727794852 7.77143549817947 5.32826448431792 5.37410693626641 5.44885502353729 5.06117924862256 4.67096582897525 4.6979420672087 4.32781653939375 4.20586545910428 4.71064059890896 4.83179174263789 6.07817345816502 7.58264444367053 4.82790169907682 5.12811870522684 5.18809203315699 6.15141750936721 6.88144546809077 5.27011171205073 5.05757445333621 5.19567150970707 5.50982344096106 5.8665720857175 6.87680401318939 9.11251847581136 4.5504478529659 4.97794409514124 5.38815037998869 5.06097774588047 4.48681633446467 3.8752963323971 5.5366792966713 5.88461588815869 5.11819044367265 6.99891703939817 6.79090170869796 5.9318535348248 5.7332750478166 7.84926583248402 6.18168148677561 4.78924819457244 4.5470012706634 5.92949702648806 5.83595305414559 7.7347663090721 6.94858698185162
8.36340428800552 8.63301164782072 6.52724114453821 4.83728420479313 5.30788529635857 6.91612736020372 4.83803467764077 4.37881878242138 4.54101461885423 4.43201972466878 5.15011485301593 5.06514911190234 7.54910929697173 7.33428553979984 5.15143840288897 5.8034723282903 3.54691056762199 3.04957369711358 3.63135185375296 4.91998419797722 8.17728782183696 6.11552281022716 5.5254746559203 5.717228776961 5.88412050082711 5.9965301948836 4.26534735629455 4.71142046976822 5.38592562133433 5.34639891405198 8.01101107452981 11.2513050857133 9.28378434662294 16.9034998051513 6.99106091826477 7.62033041087715 7.08124095363422 5.52153367327605 5.40000379508846 9.94755396314065 6.28842573524115 4.72949804781443 5.39810355909491 6.19852224838151 8.61652203679741 8.82347482490775 6.34536857191357
6.31154749437278 5.52421343202729 6.31386948755272 6.72641720778025 6.56560216043795 6.24997499661052 5.97024793195931 6.61389626596437 7.07501436884152 6.33204624948631 4.52249570808473 4.92444886077106 7.36734791657258 7.08711859351073 5.97088262650346 4.16909094175576 1.86975549202706 3.12163291143076 3.30337749710204 3.33461981740508 6.15639652993712 8.21378144035627 7.09540308738396 4.26044501897129 4.69710837543919 5.65679229447847 8.82933370623257 8.10999264095796 6.57098959572077 6.80124610141882 5.42736858355411 4.19409226154576 4.57163559212855 3.64826501273629 4.58908739435935 4.60391218370151 5.36116161601796 6.86993435654372 8.86879225651559 7.05337306766026 6.13983848336817 4.62629467423669 5.45231031342433 4.67529708700335 8.34157019120385 6.29096153055575 7.13123022928424
5.01057786555692 4.56696315634016 4.02229841600058 6.22252738671148 6.2094237683802 4.65932681347804 6.26035489373202 6.84705646492963 8.98722854123927 11.6124805211075 12.0923046488514 9.18573536974621 5.4418941449553 6.21856580926891 5.38716430458818 4.65376908909992 3.09550070302306 3.46310703621764 3.11043597641397 3.92386052003144 5.91466075405321 6.32919523285953 6.94309893590283 5.23684697258429 4.13018809569706 5.31737920664858 6.90362217452121 12.3931783106357 7.23355906067785 6.31084605665459 3.14166093535578 2.65537229747838 2.56872212575259 2.08320434028252 2.14044227902831 4.67001502986179 5.00382934632463 6.08953187830735 5.83654236867616 6.55482264772462 8.2683794847104 8.40567868162876 5.50338818638731 5.86872443950677 6.42881606728133 6.71319151393902 6.81979878693352
4.36323092462651 4.01840399482097 3.64328384121807 3.09216813883192 4.60435926598725 4.07658064660367 7.24967625981553 11.9455033698464 7.66237252667369 5.62050212673882 7.48669538915786 8.26274957963035 3.57988857098871 8.56454508270743 5.44406946489 5.59195379955417 6.28419825425595 4.24676990802187 5.440704815342 7.73282065988835 8.6202908070142 6.42833678806481 8.79130083083717 6.91345592839583 4.34228411658654 4.93754582613437 5.93724355555227 6.80909917185538 7.1666469778664 6.77961418148487 4.60968380355585 4.63554385290197 5.11621967219772 5.20287214240199 5.88591696458845 5.70600060475278 6.4652776368993 6.23903067450891 7.4841164300983 5.42315476604334 7.07097759513781 9.04878405805312 8.28620974146701 6.83490587599324 10.1344278082774 6.38322939992937 6.85415136143012
4.23252936817655 4.60822226077613 4.39913126354579 4.43776944978052 4.431591512304 4.1617480468355 3.69240186365406 3.54850384932502 4.96614505300448 4.69983138464311 4.05666266266612 4.58243104944575 3.50988658590882 9.45602456660964 6.36390354776217 5.47143094344052 4.97336929288458 5.71263251235489 7.12809501448388 9.07390529326763 5.7664217638874 4.47036564340462 12.1889918655821 6.48823140508074 5.7814803974133 5.86536136107932 6.26518947420273 6.92391980753244 11.916297424639 4.63205177907584 4.37740880645398 5.90609400975282 11.7328743103554 9.48774719902102 9.60127271450353 8.11753959657336 7.38486378138552 5.84552505925995 8.22879260178515 7.96662166833496 7.67977381350688 7.29135208298729 7.00937427723989 8.05398977525706 8.45491036321614 6.10958025598871 6.51755035660626
3.85623937265347 4.61130140722278 4.48319004791726 4.4614558102821 4.40428929221441 4.34014836472431 4.36601015253944 4.17168199182051 3.97451214189969 3.97366358563364 6.9566177573751 7.18796624723324 2.79010094165126 2.84951899518693 5.57377603201977 7.37785631478456 12.7667591533627 13.0611727690915 9.07285676609189 11.1180398928299 16.1197959612772 9.6282630214146 8.37106424106279 5.88872704556194 9.89752368992654 25.9005201137785 41.5108875705039 17.6668140090708 15.585316441024 8.05294503866097 6.33076251987908 6.85674472368729 11.6040980582693 5.45724134014238 5.78344852610737 5.69907971797852 5.44488021410466 5.01259761127659 4.95645328560349 5.75971069572316 10.2249808157115 7.05373967558342 4.40917900561942 4.51661969366369 5.59121337759845 7.64687379728786 8.51253909942252
3.49944474530927 4.25395167301183 4.01997262005063 3.65742154838736 4.01468617371207 4.33554018596136 4.38119636750016 4.32228462518802 4.34909788779742 4.32394808427976 4.5137597167234 3.89585997495664 6.53097290070734 6.6009059068116 5.97055620204519 29.5110505252152 60.4368203116384 43.5650922090789 26.5855303083693 8.9808729997768 36.9213713031315 19.7964721647113 14.3103434722958 12.843234984496 5.508645533362 8.93133296977397 24.4530024871939 57.60843829305 18.9076828952472 14.3960007565491 8.61710557390829 7.34430422825634 5.91354203730532 5.35788198849285 5.57026316948475 5.27229331766322 5.71053197068058 6.07496935404491 5.44699209909529 6.71983601303948 5.51652493703082 6.14674371639964 6.48509677013277 8.86216954236675 10.9927534337341 7.94821461878487 8.55703695974302
3.93256349713148 4.03104661810453 3.67827548015088 3.20596690200516 3.97043000727642 3.39200849235546 3.32599306064435 3.79567439690919 4.2128231249235 4.36489523950526 4.4777246972776 4.33781912417944 5.10352544371378 6.12298221567966 6.50115312344732 11.4403533183443 25.5242548001669 19.5353904768022 34.7715467068624 9.40265240423818 17.4625312693933 14.7196711746915 8.67053493113072 10.3965427707448 14.9103240638884 12.2952706495841 13.1465435150957 13.6365146889625 10.2394027090053 5.49393450152507 5.40124966534113 3.76911338867579 3.16264326964168 4.24930590549906 4.53955763095176 6.19298721163067 4.84133233549516 5.62250855961198 5.90645200166475 5.39948371650662 5.46324263794847 5.64451489954788 5.50939896393869 5.22261287069822 8.129015493745 11.0779153270158 9.02108938214608
3.5895229233638 3.78254494061874 2.65750597102455 3.09099437210283 3.07828555134519 3.5668543524996 4.30924351868782 4.53926837136313 4.71679465642301 4.3573878027291 4.35878206902997 4.27086562717574 4.21336707151388 3.88759670308082 5.27451034651494 8.47754525105683 8.62169206415983 10.8038665054148 12.7353020102841 12.2478678092144 19.2249891114979 14.5314535424399 8.87870229704936 14.8866256771344 24.2820526955681 9.82830517038471 13.6965672407132 8.89112323305247 6.64492844570888 5.70731936977004 5.0764632546898 4.51295985268708 4.26469932076229 4.37875467983863 4.66889581303089 2.61570626553902 1.83850169391772 4.01315107583302 5.83768944413053 5.16540829417184 4.85036563985893 5.25730017026997 5.77909809146785 8.00336755622808 8.49588858286787 7.23985707414517 7.92627221044287
2.90807852925906 2.93877476271543 2.76668535262413 2.58670401336356 2.55240594773814 3.66981459363247 4.33985590226199 4.41367218581251 5.03008297682243 4.79493996990245 4.1674887895236 3.8727649878507 4.12293532589552 3.05890113785471 4.16992354838917 3.70883944110595 4.57620976520242 6.01056420367016 5.20392722871983 4.94069605535645 7.01645539696984 10.8835166565582 6.71988609507474 10.1677186607209 7.91620753406696 5.72691070356181 4.74509674498056 5.60203338489234 4.48413058733022 5.10436691264056 4.71795289941782 4.95451950690335 3.71011866704176 2.54537591191061 3.45189697503598 6.52833822118328 6.94249187447014 4.42071134452844 6.90964292145967 5.50352619963328 7.42746447649916 5.25921105741094 4.6587848106204 7.56049203584459 6.94691183161814 9.54349854887185 7.10423330437863
2.54967108145749 3.92230129224667 4.66658348952471 4.6919862441966 3.47846871009071 2.63614549622769 3.55731551950162 4.16946790044526 4.41214558347727 4.03561959511141 4.27394836790402 4.39221323879067 4.04740910847381 2.52291822101616 3.88244097908283 3.57839232389048 3.64589489098279 3.41935213865396 3.00054494232626 3.00326226610072 2.45978856918805 3.39737506383118 3.33603940804202 4.55946983910084 4.79027966185495 6.59498330377531 4.93605494475919 5.5658234128517 4.68422225564657 4.91015127663983 3.31019006547555 2.2425042393659 1.86741766685792 4.0083419175567 6.86613656934997 5.27471620500048 7.40706362729401 3.82741071818876 4.45435298443555 2.16661015671543 3.64148289022572 4.84862692593406 5.72721423046181 5.39786929629182 5.59590249790869 4.98392217766909 5.96956980505971
4.0537532895193 3.14457927830373 6.01105047641886 4.76991261330405 6.13604455462701 4.3518189678236 3.96501606641567 4.10776799851823 4.45105255472683 4.08258063366005 3.36883244424941 3.23725762386919 2.77367303435873 2.42395941377941 2.88560783643358 2.58290453014412 3.27123016865015 3.89337809174058 3.88603785678386 3.30636130631779 2.12479625502474 1.8755998370907 1.88431607440518 5.09240494248632 4.32771212427232 4.16881114251532 4.46866941782119 4.99687635930183 4.35846346859564 5.3227789918118 4.53705322023463 2.68202995429196 1.71916466475334 2.12638025734449 1.98207146986014 1.43670751998352 1.29839079844225 1.40180478537653 1.67592411258201 1.87693100099194 3.62328993427178 5.37963198950756 5.98937503086095 6.09757450476688 6.19808605551529 4.66097200327064 7.92943148422539
4.43986971973905 5.02149364722828 4.86691841202804 4.65385707171293 4.59487724578588 5.06299915258404 5.037509098934 4.77564422377476 4.66382613061796 4.35308124265102 3.33528945674822 2.8158121172052 3.34705212503012 3.73744795884545 3.20689434688183 2.76341095210368 2.4802975654589 2.85170012464727 2.39019089278538 2.14009604676086 2.56673586679382 3.60073192800723 3.26243801628492 3.62802247571038 3.37936935539721 3.92286644289507 4.28549318487567 3.76998039340877 4.06813982703899 4.27863654037458 4.47333983576334 3.68867739433519 2.5365206809775 3.42622788807829 2.42449993463783 2.23299499612737 2.76118983104576 3.14186099490025 2.67181716165535 4.2528738712758 4.69936436356461 5.76510035062888 7.1914076541235 5.44531159295277 5.94113941020546 6.23779226770055 4.54038938394391
3.45484203618645 4.47428025093173 4.64305374662221 5.00498643037535 4.83676344048937 4.79506181244418 4.85227098062205 5.01536250520785 4.68833499955899 4.12000386374074 2.37268099823083 2.51817743377376 2.96660495672881 3.45769378497233 3.48276610168366 3.5497129538638 3.29785739188359 2.98994478601866 2.93863611051424 3.73338591791285 3.561934671023 3.32600494232531 2.77599543515373 2.41182186917314 2.10706831193548 1.81733368937413 2.63658139141128 2.34621393578195 2.92638348149768 3.41893022278209 3.50834306809403 3.36008446056881 3.71126000090641 4.20064600430765 4.89912227206702 4.71693026341495 5.11846991292642 7.46705021460855 6.22783069760586 5.66395037144122 5.64826458385556 4.6881573762829 6.08519621478298 6.31475358468403 5.1521230587799 5.51606358167079 5.55054729902283
2.58865760683808 2.9882435327549 3.94462101117386 4.40109625024992 4.95980644562517 4.32476799570155 4.5939592636715 5.06867750797446 5.41006752144391 5.02876283597368 4.18498510884377 3.63703975847852 2.68792267422685 2.58405786994401 2.95307781082413 3.46082896748569 3.86849172340233 3.80869977465181 3.66286070194998 3.20806386921314 3.74647384672649 3.19188435018312 2.47913446437423 2.11690876409028 1.92868647613991 1.91880312651382 2.32099147962523 3.42276901082319 1.80059507837525 1.80043787215694 2.28715597374073 3.71870924096824 4.41747547087471 4.53453510653192 4.76647562506068 4.11386742491607 3.552337752454 4.67488679232272 5.17994975705935 8.11724878152316 5.40018358963648 4.71268540037179 4.52761438421613 4.74456116638691 5.36332287363892 5.22871482931232 5.21069650159137
5.31127515279686 3.28030108215782 4.09128448396791 4.34054322966692 4.2531017467261 5.00851818714784 5.5389606447475 5.10034977970487 4.94023601083674 4.36414889621294 4.07754390153354 4.16286720540382 4.00034662115144 3.33176280392703 2.63510459451898 3.25302542806459 3.81818881057338 3.87802941321473 3.95357758373278 3.70425343249312 3.26350812349782 2.75480830925103 2.35134273088614 2.01473120541199 2.37774365910175 2.74979916689727 2.32360205861572 2.90118573051712 3.41019248920652 3.79381041059941 4.49017642953062 4.51572938868762 4.86440798642369 4.73298573773848 4.77791504795649 5.13835775678517 5.30120772966107 5.34224314153955 5.71726663905552 7.68198690494275 6.18613346288352 5.62529202989023 5.11135086697964 6.55587655184749 4.61690802751165 4.88807614180098 4.3092193713151
