IBR/IBR_outputs/Ph.MSAT.TopModel_Clay/Clay.asc
NCOLS 171 
NROWS 108 
XLLCORNER 210004.651214014 
YLLCORNER 7285008.22228844 
CELLSIZE 4999.99999999998 
NODATA_value -9999 
[rows 63 to 83 of 108, columns 94 to 140 of 171]
6.17748266020828 6.13209989191034 4.45371028710198 4.3837114218837 4.47612887038424 5.17979115993128 5.94829400786182 3.1892179492465 1.43724341422827 14.8129906267686 29.7989962859066 16.8351177920799 16.9641848305333 15.4750200618726 13.1358779533477 9.8359866415503 102.422663190274 111.271837537379 34.5157014749217 27.7607660874979 15.3143850668838 4.14588947674842 7.28340643492365 8.09907049979147 2.74071910594709 3.2430495442695 4.28725815845167 4.66839789803864 2.2442094327398 11.4872909972562 12.6732615070253 22.0305620121867 14.6752385250073 4.46013254493703 3.21499865751915 4.81106817423733 5.09973947192132 6.15200391140824 4.32327387078632 5.34202769501211 5.82426983102949 2.97456614415515 1.93814176994283 2.26292714785869 2.55827451039118 1.62505648477073 1.62846589452204
21.0367946690307 9.65169491928698 10.0289720783065 7.11493657712603 4.71291297109896 4.70067649167134 4.35701789250037 4.8692723582056 3.08734601572657 1.463349605526 7.16794746250209 6.85056441790473 6.34559479281445 7.19885703349288 10.4651321329214 10.7974236414357 8.50762387533389 17.1111514756302 12.1851555780634 12.8874384243301 13.1422460447944 16.7653733401716 4.92682922750905 4.41575025855959 4.9777380143322 3.44141661420048 3.28545044119738 2.7301551259448 2.65708385387661 7.88166606807385 13.0909977378031 13.5009232781236 6.3362068783121 6.44028383635009 9.4145792024236 8.68600296790107 6.33938110070298 4.46037241237094 6.6779671730264 4.3733817862305 4.23517463809368 3.17215542160273 2.61012786530532 3.07541499186004 2.99039501954513 2.27551922438198 2.11451044312794
18.6986092222275 20.2380559056286 9.24255163374024 7.73883630156301 6.111411154455 5.03580956871299 4.61719571331111 4.87063344557204 4.67232147822989 4.91136120402769 2.37603830079094 2.38483587166171 2.18459577410303 2.54429580911663 3.59886324216608 8.04158644916568 8.75953089676452 6.11364193311808 8.14501274382244 22.8464244535209 84.9043253977084 8.73283143673639 6.25534452286274 6.31761627614361 4.83440688593949 7.02894442063414 7.86998175922808 2.24607793396649 3.91290385168085 4.8915445692138 6.71753271334026 6.57947133706216 6.00034147688468 8.21887825842019 11.7311673021363 1.18345889967853 1.02517019321226 4.56370857010225 6.2782677409843 5.85960655251294 5.51094899202397 4.32274769124761 2.76257722135879 2.49802911816194 2.27565794583948 2.02324174713121 1.74064777753945
6.43786296371787 5.6065285152024 5.86385281501467 6.69561860782119 5.81932663770992 4.37715990328257 4.43410645900698 4.49833555831654 4.51612191612662 4.41331600055256 4.26983948734686 1.3957076134874 1.53599244648461 1.42166767314222 1.55775727226239 2.80173941980749 6.36325389618249 9.09294970656502 27.4841158529878 157.214300773319 307.309044675976 24.5500703513467 12.4756378529511 3.4845730818657 3.99521691748968 6.32208406645577 50.0032116846196 57.0127277273597 3.36850748339187 2.9250329538787 3.23279843937355 2.22896356441148 2.52350963524434 2.24915487797869 1.4772348976357 1.509162941124 1.74835677152731 1.34336624370642 1.35874699555935 1.78319209615514 4.64255402239142 3.56856506988938 2.71439229675818 3.44510907654243 3.96889577680523 2.6301015325114 2.44261268197843
4.86378204434976 5.37865741300648 5.50289531645922 4.31162048195738 4.29904488814162 4.79852765446242 4.84153695640562 4.93738206012047 4.47669709361607 4.4090471623061 4.52639191433655 3.9404060888903 1.17121829462785 1.12518273373034 1.07227829071129 1.17381636023895 2.35674453282622 5.72865624939367 12.0296227527444 7.15112087731112 1.34517479999582 1.03427177727058 1.11295206833949 1.17439731715235 1.13420923197946 2.12232120212043 17.7898780618539 222.808438457666 112.579006746568 10.976034698425 1.31951871654482 1.02383696206382 1.01415942854741 1.00798605761373 1.0094239174178 1.04857513805413 1.68209080718645 1.24325800267889 1.05789691340484 1.16962085230417 2.80858983257046 4.70198368254157 3.15130844795087 3.3702071067064 3.23623582560112 2.38972322750209 2.95337144557268
7.71077983223278 6.2620862306193 5.6159226319221 4.57776015681993 4.29352474527431 4.29351513217691 4.59604210901952 4.57338216232685 4.71904637313395 5.54765947978499 4.9066092557442 3.89747275462241 3.06549869463204 1.6758678549318 1.1007367951562 1.07447961187175 1.25075291405551 3.07651333831112 3.34965179467467 3.13601852409653 1.55011583144837 1.21386777025605 1.06516734420768 1.02983326858169 1.02071808252797 1.03771984595832 1.07012608936616 1.90922598786046 25.1331886453324 3.14489543592286 1.02649456136234 1.01155334044634 1.00839104482307 1.00513544970558 1.00519024292217 1.00693827975679 1.53745245510745 1.56836128729007 1.02911512115339 1.2127741408242 1.61940460219114 4.58533906402042 4.75701949275868 4.21468042544504 2.91162148093956 2.65373250741559 2.35174914170836
7.26916431027569 6.72910029586196 6.36756419988308 4.70631096576479 4.53787147702872 4.41431490777667 4.47658547100929 4.76198202806433 4.78951640436612 5.06937227110377 4.63131773039834 3.05634695071937 5.24170962078388 5.13316418728767 2.71439855258097 1.05683863218327 1.07199369588142 2.15623579557252 1.70767204832985 1.32679846097977 1.05693672730654 1.0203583755815 1.00880191936318 1.01433942950326 1.03893708850069 1.11098720160006 1.1771006789303 1.30142410705426 5.34491810297712 6.65923477408097 1.03566917687486 1.02263050064693 1.01465397471229 1.00493825094567 1.00535104896523 1.04768804590871 2.83589375995773 1.11750442845978 1.10411370893624 1.70866113114391 3.01655553196468 5.34390687533925 3.98361840125597 3.0575433151166 3.22618480142506 2.4217744754934 2.10670231844075
7.61981357030241 5.26674799108254 8.30220272304696 4.80591314737655 4.8618822826884 4.44036674540887 4.37202328940907 4.31669171948218 4.3096274855852 4.34523398957663 6.242215947279 5.08683064914422 4.91605892442984 3.96241439514549 3.66130663301331 2.41609525172012 1.29125078876223 1.2254847500339 1.20397952955915 1.10514199037903 1.02235967277881 1.03208966388736 1.03326947965802 1.09292474943746 1.40365464517778 1.46819241526379 1.39161118969096 1.46164307011288 1.61929787501213 15.6812562787114 3.00319355712112 1.04685452791219 1.01383430658907 1.00628248960295 1.01631452640854 2.61990953912853 3.65120598328522 1.95926989215767 2.05309002785241 4.57980749386881 4.97845208638233 3.48069612511822 2.86927882173053 2.39108100709235 2.47267041943808 2.65989798046786 1.7343824723333
6.77890996900676 6.6259314715991 5.53158765313351 4.55673592395615 4.76372005141147 4.67325411248522 4.73334803443941 4.64588326519666 4.39157962634355 4.55226960034491 4.45503361783498 4.28542605785369 4.33356685113145 3.62230043669558 4.55897378781306 4.87074359598012 3.20855699398322 1.34556340327555 1.21258159478518 1.10849347768097 1.03841818459533 1.10709909567682 1.35626409138347 1.437264493168 1.33526254112377 1.27381549125378 1.24527268304721 1.3757747753528 1.38607584049494 5.439081748596 20.9237738140279 3.13625858902172 1.72039276838174 1.04020082052188 1.05106632129306 1.22826900210162 1.52778717241913 2.40985927143604 2.26626470084886 7.33686039411642 3.92035928686412 1.68788518129653 1.33624211732577 1.78330131185025 2.06038228946587 1.82972902008225 1.33416370999151
6.48091604227861 6.89451008172346 6.22356398756624 5.98972089503366 5.00397250274339 5.27634158743102 4.61900945225162 4.94221170679663 3.43893433988137 3.47861159542663 4.63093883913722 4.33047658672348 3.98873260603472 4.30762844774504 4.47561907054636 4.43537465042185 4.79592035939847 2.3254156027334 1.15077896064065 1.34044246205173 1.10364738837637 1.21066281933262 1.50868609132753 1.78976109593831 1.57092655740197 1.05086943695193 1.06107749774692 1.1299474381196 1.27788206598457 5.67543983113889 12.7453670199628 2.23645019917263 3.25593250110866 1.24272080486361 1.1211375882441 2.2211576446953 2.32790116750312 2.1025056972269 3.12958580806725 6.46682510757912 4.45517984546785 1.60572149556053 1.56648015841539 2.34928690353606 2.70375550981637 1.19898364807135 1.07590663599735
6.04466597308288 6.19796089388523 5.05730207631925 4.77067467425406 4.84376887268696 5.10985116367699 4.51930480136364 3.99058695043811 3.70600633751962 5.01340286581029 4.99613273767219 4.84690864615018 4.60577188431949 4.24207761424959 4.36863927230868 4.57353079054504 5.15201702061243 4.00316129199284 1.90707806550365 1.3686936635126 1.13079994449695 1.19565273581068 1.54389842107706 1.98710167530045 1.60579492009988 1.04845938178439 1.00946757176437 1.00811294179571 1.2418074203343 7.73599491244282 7.68842560956137 2.3017336791439 3.01568305192314 30.2149789838169 28.6597908108455 34.3032453068177 1.72528857908324 1.97986956543008 5.92902585994102 6.45994859863855 3.47107705806739 2.24597607570885 1.7780647274211 1.50361866592465 1.80104524446522 1.13899575303122 1.15152978348507
7.11529352715682 9.29677727274701 6.59577126122862 7.0515889316186 5.3705273620769 5.28511557905223 5.09114200396123 5.10895160425989 5.91129820045358 5.37118754438726 4.87321291719776 5.40920842750116 3.83151328311798 3.88849869030305 4.33019469110633 4.85815594079959 5.20971650884875 4.91529034012034 4.64421826365953 4.21228395840384 1.1318940733973 1.14217004184995 1.66362409465761 2.51265632649574 1.91358310987507 1.02055111160655 1.02785649602527 1.01737854813434 1.54558349659427 6.70209288984478 1.16220633826938 1.05981095041533 1.02067857196516 1.28858468137476 1.85731313292119 2.26737794326587 1.79647469799739 2.38131293904731 3.44761192288315 1.98969180447402 1.71725704212826 1.83946511656794 3.15473833779554 2.07906921581817 1.27929251539238 1.10160032497387 1.08464132935456
10.7182261838719 9.20151816115324 8.87005545195772 7.11733746719469 6.19490106082807 4.59059620740459 4.53212445535072 4.34916142780686 4.76299509101945 4.62934686812289 4.002637585344 4.15076903658966 4.87390822754937 3.05272907222512 3.57993563686035 4.0936132696511 4.35527667736428 4.34695778251717 4.17326310924072 3.78328616205753 1.57792257542601 1.12297207450609 1.58385286296013 2.79030213830309 1.28471508391244 1.0305710875352 1.04460345322079 1.20499754900392 6.47714212404308 1.16362066549147 1.00687617099074 1.02923593257051 1.00572714964456 1.00886170791839 1.08845288716146 1.89443306465701 1.82896797548925 2.17620585369575 2.34318815724572 2.03076521964884 2.28195440673467 5.01762504195115 6.15446301573383 3.82894616074363 1.18571897904956 1.11485427825951 1.42681041792518
7.92819793231466 5.76339696369323 4.77594177833688 4.46136488273764 3.7651678051945 3.69981703110028 3.37125203748129 3.68149044074315 4.19388483303067 3.48636323302753 3.78417588837411 3.90298580389413 6.19503752056952 6.68049907223873 4.68673131762517 2.69887222007927 2.5891573987943 3.56696299506752 4.19325563791749 4.43484826908903 3.65805379781848 3.14918694784815 1.54698092502214 2.72505644362705 1.16230400368529 1.04219555096022 1.12940883935383 2.79341703474946 2.63346460920876 1.02837898396362 1.00566395439185 1.01034928025242 1.00603756970643 1.00541274415098 1.01850478882633 1.45099501571308 1.99531593834973 1.88210589781556 2.06008047060103 2.40056440106339 2.99128271350061 2.99047636291277 3.62221432786993 2.07482355143011 1.1419410754151 1.08013217215373 1.27519869892279
5.71180731066729 4.79935094502001 4.54334084158164 3.80790056170358 2.8509219161201 3.69513812363634 4.10755937233385 3.86248014082042 3.58006366037444 2.8450257469648 4.29708832927276 5.65961000649315 7.40091911144062 7.85782189895418 4.23889961448208 3.32027822770816 3.4354164755417 3.5683495279677 4.16759280079197 4.47803176864423 4.92735075201269 3.70040616004717 2.52606803064246 1.82532201011526 1.480517240297 1.3855862491258 1.64993370633261 2.03141474218655 1.02297389078054 1.01159866445495 1.00560622145269 1.00872889713906 1.01239192438492 1.00919746434389 1.0351524030056 1.9459156693273 3.08128765926159 2.74284700448258 1.85739261928404 1.75890175982999 2.13644952568753 1.46304614483935 1.75236184249204 2.24514605941667 1.89725031269851 1.45718404423661 1.96554198903038
6.82924197621678 7.06616444913811 7.4263202764976 5.96404307818572 5.60645792992924 5.76761482784697 5.05701195569298 4.17423115107981 4.49570470874146 4.6004609979479 5.87297511266059 6.41706811142712 5.11430388131994 4.46212773782675 4.08313852928755 4.3156487858025 4.3912752374502 4.73109038238731 4.78241111423028 4.2607662191343 4.05478964505956 2.72793048275081 2.08437514215117 1.71803353289627 3.03541212905675 2.24328621455547 2.5061810372645 1.03281722940036 1.00536112523539 1.00868273216015 1.00692824511799 1.01303639605894 1.09732354703905 1.02141003122368 1.01512540644558 1.40238283699799 2.10688489610161 2.57456730950479 2.01074594417901 1.55581297833287 1.53707658923217 1.96828547503088 1.08285593745258 1.05945697841553 1.59011492719159 2.47715379058276 1.7488289707649
7.59320505024738 7.43765871395368 6.16633131483104 5.6712114765601 4.14973689850734 5.27146729305003 5.76613310814104 5.48745315509369 6.39517953306829 5.21568601722527 4.8387348778951 4.28735890564024 4.34792750093956 4.11856078293373 4.04851894423283 4.57737641147921 4.92735361772324 4.4673054440132 3.92072584546421 4.06098166272467 4.32894103069425 4.24013828543577 1.43286169636408 1.26499883668038 2.68419429021327 1.75963844691983 2.82226115158665 1.56077695363354 1.0144641746623 1.00930737679004 1.00931647288176 1.09317697284574 1.15650695183648 1.01592199512935 1.02326954663769 1.10636507562378 2.53339294863939 3.20454911593128 3.02565735367539 2.06715624084659 1.68823683581744 2.1274701406725 1.32916912498859 1.01798155227234 1.97611377659103 1.65826363338095 1.92192386047596
3.73691865367781 3.76447578805223 3.46728057093295 2.81859707967768 3.0882967493094 3.85112090205124 2.77667602175209 3.00464718105853 3.49217058488421 3.04846268834323 2.8275950381636 3.71141432554201 3.43322793331043 3.57364020977045 4.1648365009466 4.87150343672834 6.3216957516466 6.79308661807135 4.10185479755286 3.69956092816267 5.30334869945486 5.50703381211517 2.68560469258942 2.50787373916186 4.23649926541503 2.7794736991457 3.46582082954444 3.6881418247636 1.14674713135162 1.01354981325225 1.00872083659778 1.10872914597673 1.19959913320403 1.02883962069791 1.091241293905 1.05230950008409 2.88491717124979 3.69394656544354 2.04352744074883 1.99077097970586 1.83603418783714 1.63812400198654 1.24412919743192 1.24792599824749 1.3758887198227 1.38931018072198 1.56581538360837
6.09411283505833 4.85125917790171 4.23499050823857 3.33133744567192 2.58555684767045 2.37246461483399 1.93885493778692 2.1084129415486 2.11849390966831 1.96880653550006 1.91958819249537 3.1795277091425 3.89357867559173 3.39450941572627 3.63822732779953 3.89726978670287 4.25726090166075 6.13486046292277 4.31345026277798 5.14410513239391 11.5011268478999 5.78649304294936 1.57082484193855 2.81863158691383 4.62882784048393 6.6889399741524 6.60036240012281 3.07708773966553 2.34992223990619 1.03040259710153 1.05706230134903 1.3313649014434 1.11325072683495 1.0882301482636 1.94858610676271 1.29395437419467 2.56802847993743 3.61752280478654 3.28764131083359 1.9669949899047 1.64861675147659 2.70010134483616 1.68550169044449 1.23195391906236 1.20461394582 1.44652815252748 1.36442924045162
4.91726782124858 4.93086281536559 4.19857740696584 4.19333020271598 3.77882557065854 3.48957676499892 2.02147236063442 2.04812759526688 2.45114397934108 2.46134915764971 2.18402612037574 2.65614687197505 3.16418730068739 4.93724128425393 4.70066299004219 4.38223770391948 3.16377987262445 7.07442485919351 3.428091178259 3.94753611994538 14.6313078068754 1.85331704336086 1.13430818730809 1.01747635549251 1.04210365400287 1.17516530567951 1.9349409153141 5.22529738702722 4.00897859638282 1.70256106548747 2.61110113561932 1.31738462187972 1.02748917601385 1.05369239120981 1.44539395964321 3.4789570864055 3.93598294902372 2.67502177054338 1.71894102545866 2.03141775367201 2.21561120838903 2.69908052580044 2.59695518975423 1.70314914360716 1.17646606432737 1.28254863255943 1.29284516205748
3.90193952979681 4.21552970054419 3.91879553624214 3.90328874309719 3.80725930655282 4.29698968975809 3.49212511980549 3.80164178850058 3.83709752143382 3.68306608326033 2.84436474818705 3.18465360774898 1.97945051058275 5.5809001060567 8.10378046068826 12.5407701568765 7.0522159690056 8.63774703292903 7.0999901784704 5.88371781289417 1.70295973493615 1.11360626725945 1.04737600195223 1.01401947317517 1.02018571558766 1.01951001831439 1.05069974324301 1.21226601235534 1.08588090972575 1.27259379281196 1.32865721415455 1.07268953623942 1.03653115249828 1.05057228671292 1.03675137289057 1.22237790902412 1.59174382949389 1.2504821293572 1.17223047150058 2.29242391564766 2.21168434850201 1.27061434109265 1.37722512540873 1.82919615505371 1.29955337763771 2.26624251990938 1.24706060691161
