0,131.021018836323,33.2315226580017,34.8513761130985,318.098343976111,106.452282963185,29.7066593033764,153.00718995107,99.996762183768,124.078999122993,84.0869572727673,179.427279463954,58.9079622939308,109.647609624594,78.997125234588,107.350703325859,93.7166318483332,316.004263770134,102.92401355415,81.2141297497386,80.7463355107513,93.92440368414,103.712402082163,96.4908180818409,72.9265501052759,68.6269254868595,67.7533783825644,168.21313475846,163.555638839689,68.2833315108732,139.27680229655,123.270300453184,143.495590095477,163.180264330846,58.0436505124609,171.262927068154,176.888646703851,256.79324771599,58.7534823430312,58.3386613570936,51.5982262601105,40.5125413952228,58.6821668304832,57.3025892975944,60.5183379119547,121.01615953578,142.693365173422,143.665529381109,142.129823141183,141.455843758731,93.7094123970485,106.827752925428,71.7878193182042,245.638112709982,63.1698474222419,150.022747236957,145.095687658223,153.171205518121,58.0488675378136,57.9223085795825,145.33508645679,69.7923990242039,71.5944671658723,62.8822506609104,73.7311874365956,111.307898526217,261.28345954353,276.871989946603,161.121211879093,171.73876061776,158.353607266188,156.202784708811,174.432436719255,289.461364411233,312.602736217069,76.4149011061504,357.515631043205,141.192867111766,68.8760164890585,68.221814522092,83.2232073813324,280.942776939829,281.643386717375,168.48186104613,178.450324135404,51.665082657867,126.746939122217,55.0203544977139,135.261100722,70.5836916341872,58.9806568080232,155.003585254231,152.991889558548,50.4387636829636,82.2363714285791,155.728530463296,170.034556250381,141.689189129659,405.776340927318,417.968419529819,354.524075172088,52.1374477991736,390.926011503237,332.733960288886,315.676916601005,149.247112375702,61.95804069187,84.5665513554529,48.4514572285953,54.7472330958191,58.1774835401435,52.02641032261,108.069355120837,65.0911368834003,143.682932168936,145.30126290919,93.9908219574248,50.5132700975039,78.3046024308968,56.4183857789082,150.116716214159,40.6688874588597,189.285647314202,137.956080712297,136.492508756496,149.608911702257,110.15387077858,108.952793989108,105.250120909989,112.302242122847
131.021018836323,0,137.130630325554,138.205526607172,364.085429924433,156.519013628646,129.594505682629,214.987247258103,152.495414517553,176.802161575596,147.341137033502,242.520711702478,138.491587931616,170.123923223554,143.618201940962,154.328052165595,156.194160137115,394.422434150507,162.623529427824,146.547542673781,145.880010142638,162.025841106079,170.956278856454,164.021876622476,141.868163873821,137.832891535994,137.191873938649,230.960459504536,225.991794182289,149.574144123595,177.546696979696,157.481058868982,180.396956360113,221.865507028567,137.882147140394,232.010364954398,236.491301324257,340.425061118603,138.557937597405,138.157390400143,149.464943284174,139.893225819813,145.995305535127,141.912518680522,148.730528367671,167.263902267893,204.344744457157,205.393917831747,203.82011515559,203.109487307082,138.621892489822,177.996373969511,141.491636085384,281.980408502728,148.176312378481,211.972818583405,206.877180316092,215.12378470363,143.661591605732,153.300075275037,187.865986712151,135.768219230905,138.055026804677,138.234967301588,144.523844314048,166.997981133639,325.078599790544,340.161528378755,223.395493053731,234.627616066575,220.558269633104,218.390389152615,236.681304021575,351.575501956852,382.951059599007,137.988975611653,444.317134195377,202.575958895965,134.27206907042,138.527253409423,156.054722854908,357.303470029412,341.445802214174,227.240532999333,236.954807778054,148.197265673191,222.553600171033,152.210047103956,231.18995710346,167.489082751265,156.011393323258,208.450713211382,205.830518259004,137.068490574796,134.808357704677,217.973814033187,232.743189553198,203.072725887521,490.106858288414,499.628631720762,435.596529239452,141.548865364482,457.702426518329,396.646321956019,393.301347362819,201.332566017002,159.018211902394,180.346450661364,136.254128913771,143.601950793369,142.559120223747,147.996930473721,161.891150062445,155.742460741161,205.08071072401,206.407450229772,181.260587846762,146.397881907208,172.992942793942,152.172501355586,212.141350148636,141.026533600076,244.555899333584,194.726534655845,193.303383600025,205.808348920938,165.085251339363,164.12012471652,158.936501170562,166.939158857148
33.2315226580017,137.130630325554,0,18.1586994444255,327.604875887446,109.794433588823,41.4201802413758,154.713544712184,103.275575531111,127.157562012036,86.8878222092898,180.975822890904,60.7486577005142,112.530317635644,81.7430339077638,110.747520293937,96.5448837209755,315.24754909949,105.8373168985,83.9046157031082,83.4443383470688,97.1255555426018,107.16541492281,99.7900391920996,75.5593186286687,71.2540792171476,70.3739033815843,169.816606732842,165.208028394766,70.9544080171171,142.950360787685,127.123401255543,147.231621065719,165.338915146398,59.8662339954263,173.152929632637,178.948679863481,255.056939221719,60.5717698155197,60.1590399118972,46.7200983744196,34.3001199673711,59.1266276601915,58.4404751381771,60.6633251784557,124.392927238952,144.449551593519,145.410271213864,143.880229193619,143.211570496058,97.2859404500338,109.848783399534,74.4091393019845,249.554649066202,64.8582308192728,151.73374448543,146.832163315767,154.881804706132,59.6859343801029,54.4852459382369,148.796953100954,72.4816626595012,74.2560074043029,65.1365267349979,76.2586003186397,113.948753211593,262.753293031111,278.418467723567,162.786751432365,173.310840103266,160.027715030442,157.880110711844,176.098725495334,291.147685330033,313.011932878077,79.417025244099,362.518159962609,142.989383681389,71.5917727807947,70.7842833628743,85.6500972466696,280.4001130643,283.675568191088,170.634863291846,180.633198238264,47.6114162500647,123.158963657892,50.7404755779722,131.549769792805,66.3865844973689,54.7526186149316,157.712319778323,155.754906831025,52.0838713378027,85.5525072310586,157.397908624818,171.633483018926,143.485127183678,403.928256881974,417.843121020864,358.219190387149,57.4740774939187,391.902426490138,334.214239580099,314.935058443315,152.061082419159,58.021738339994,81.0667224926401,50.5872164627403,54.6619498913498,59.3644302492519,48.2589236777725,110.922417469603,64.7742142752363,145.476892301916,147.138231120039,94.8287840478863,46.7904931468586,75.2583115471455,52.768966550803,151.816434730881,32.8932868147667,191.798519004102,140.346108158969,138.874921138431,152.054023982527,112.895788714547,111.688598900332,108.121013182439,115.096138640241
34.8513761130985,138.205526607172,18.1586994444255,0,329.07324837395,110.600311552735,43.1047840243124,154.991834423487,104.086891768404,127.883299963996,87.672821040449,181.205873440696,61.4921882222402,113.302394931653,82.5302333635709,111.534108537692,97.3277403523364,314.865500766921,106.608996702058,84.6851198367864,84.2242130473272,98.0414276480599,108.119956292513,100.719064539841,76.3692237521219,72.0655621980292,71.1863732139012,170.060070526206,165.463374447956,71.9064351378511,143.666383048243,127.880912251907,147.96201221847,165.715877366089,60.6084731075704,173.4834003813,179.29148358389,254.434695334768,61.3124639461307,60.9004563059093,45.3897802155255,32.3144120300943,59.606801992445,59.0693719797776,61.0733112984828,125.153604250244,144.741200163324,145.698686337566,144.170242149602,143.503202599375,98.1199179593864,110.759523696333,75.2246170689728,250.416789890103,65.6443522473443,152.013195711065,147.118529532549,155.161165039823,60.4702853457492,53.8213267197676,149.465766777379,73.2708772143244,75.0439011920771,65.9296973629929,77.064350221146,114.513779038373,262.954561180465,278.638887921515,163.051692585143,173.550881617321,160.296125009834,158.149008908012,176.365662005927,291.420309908793,312.945675430857,80.2392718427061,363.870976249865,143.291790993558,72.3807588933281,71.592799930144,86.4551423783433,280.085119354778,284.014006491782,171.006141488752,181.010451224139,46.6448890057403,122.037219586344,49.5097393593341,130.406800602074,65.1732507387523,53.5310943962617,158.2451285015,156.300443926067,52.8900459352289,86.3762776240407,157.664203038212,171.8809835849,143.788086353774,403.276963322804,417.535330605377,359.327490268961,58.8992090238634,391.983896300113,334.410593541891,314.567968209165,152.60781905134,56.8044300207308,79.9595696152578,51.5321268229845,55.0165286849651,60.0031321379311,47.4477138276601,111.550468487831,65.1530198493813,145.779079950411,147.453252712715,95.4272394231902,46.0107786516573,74.7485729191371,52.0064185158362,152.092818538935,30.0490279977997,192.257549329535,140.804203500863,139.32954750342,152.523689674452,113.493217477345,112.288461872774,108.7552446088,115.712793067392
318.098343976111,364.085429924433,327.604875887446,329.07324837395,0,378.018007576758,307.282253647656,429.759503097426,372.360973758907,396.699317679392,360.149361645825,456.667333798877,340.673735275547,384.796224245199,355.521373467501,377.919541337508,369.519601471206,599.636188277426,377.809693627919,358.000578403017,357.465959560367,371.15811797973,380.464518065936,373.462896585356,350.867740271229,346.654320627607,345.857865488968,445.313234584064,440.530127639311,350.129740918004,406.875777251912,389.395360438023,410.591544143878,438.646974235812,339.900435839635,447.488546237465,452.760681746287,542.516159737341,340.601671736589,340.190301666745,342.810439079083,332.587733703892,343.647672111571,341.044987187478,345.924865248694,391.373186372052,419.308225058453,420.313218538994,418.761280929417,418.071244478593,363.503434224052,385.174176017079,349.974703478643,512.52758807422,346.760675073316,426.762836203078,421.764953119652,429.912283027916,341.863205236826,347.498564271076,414.5241961044,346.775521587648,348.747499106308,343.07534691348,352.321295114534,385.29177360554,538.845148742256,554.227021728899,438.005602800531,448.87964402868,435.204508048855,433.047950692334,451.299497759729,566.270874922324,592.843430199411,351.794870491398,639.445087000557,417.695772762817,345.66098007414,346.63642667555,362.517401606099,563.673901321596,557.587696904103,443.993379288413,453.864102168961,342.059793029453,417.568285166667,346.144042886054,426.084192199609,361.607689830515,350.054291426498,428.299028864359,426.048402386663,334.580230601189,354.589870917913,432.599585924633,447.099077092698,418.189565043705,691.788018918625,703.307570720996,635.569738269868,334.670643841604,669.689053622358,610.372191427421,598.931735907853,422.044702912738,353.27580697732,375.415326859444,332.723618062433,340.476870058164,341.821300955333,342.007567495147,381.270605858596,351.515244113444,420.19019116419,421.681589316797,378.746136098369,340.422874278528,367.429521087466,346.257224028718,426.888156442471,333.283598880873,463.398537593208,412.56165292226,411.120663055657,423.994109720487,383.804619533286,382.678914112846,378.391118166329,385.808715498767
106.452282963185,156.519013628646,109.794433588823,110.600311552735,378.018007576758,0,107.758154368768,171.737649518581,64.6198505455205,117.849237961376,89.7244349952526,200.189413612789,95.8386509931534,110.009174578571,87.3758824341674,81.2114044945608,97.7597465375956,357.997911255999,101.366645006564,91.4465729870861,90.6334969632644,112.957436870142,123.926611191221,115.465069889891,89.4468805832826,85.6754038736604,85.2687289987213,188.577751335126,183.570197671286,109.464639752993,142.825460703399,124.407569087365,146.260864807742,179.422025107328,95.4563265289812,187.998308236372,194.855420668459,305.66873914253,96.096224807471,95.7109643518802,119.474678216979,110.581190477563,109.590187810539,103.461841177708,112.963832303731,107.377017952865,160.953706589805,162.048724794034,160.452435925117,159.711019330709,72.6279707126788,130.549834511798,89.8495251186752,233.510225233118,110.464941030589,168.716815257906,163.541887460493,171.86761953756,106.466649834634,121.955113609475,151.18915730318,80.7741900551779,83.5875302786064,91.9017913845429,93.9192202762462,118.019207791205,283.535655079256,298.521694938404,180.454775251238,191.939537809657,177.499665658705,175.352562847952,193.595428750473,308.406936255974,343.216273240688,76.6888440484065,413.474072261774,159.076120133992,78.7156501870286,87.4522259333622,107.393725204962,319.875066854903,299.615145443685,185.153371186421,194.987346310137,117.532572096009,192.23998211952,122.102481418343,200.862652046907,137.298435784931,125.861866272792,164.488940658857,161.986919352286,100.803868876377,60.0095466361899,174.996335118243,189.95822465352,159.515829119747,455.611550813506,466.51342078917,397.668282570997,113.014738002867,416.629754712629,355.641985259904,356.355069319858,158.704755099566,129.080519750921,150.067882752882,101.395661838983,108.282290825017,103.92987330841,116.995117339413,111.698987862687,121.882188267932,161.549435024237,162.646677700146,145.055256762426,115.346151779906,141.249339838647,121.043713154713,168.921016573416,112.137604431193,202.80769864551,150.168135751603,148.89519222574,161.468161497544,115.336783492381,113.992395382265,108.518513615503,116.520183129586
29.7066593033764,129.594505682629,41.4201802413758,43.1047840243124,307.282253647656,107.758154368768,0,156.324785062261,101.303467428378,125.77775368673,85.6699967302806,182.913676408068,60.8966989093763,111.244028415486,80.5932777382896,108.720096965845,95.2965980121651,321.234885595787,104.510545437376,82.8515012385654,82.3831850112733,94.9265478341853,104.45715280105,97.3973697027957,74.5003580270305,70.1990204924652,69.3257771900808,171.667903781866,166.982381298938,69.6200631039669,140.990637586242,124.739081828211,145.125947777574,166.279797396463,60.0414171791359,174.417279696551,180.136704271403,262.48875525728,60.7548859864331,60.3383311880069,58.2529412368883,47.6603461884657,61.5441517398824,59.7168224784879,63.5763068375507,122.504806575518,145.97275353993,146.954980259464,145.414312630142,144.73477253733,94.8106768185608,107.961885227156,73.3529228538069,246.476221486451,65.1972035728854,153.337418500563,148.390186545915,156.486061188265,60.1066025385005,63.4524104939641,147.308736407616,71.402374153644,73.2182227669626,64.6368009867634,75.3561788741476,113.646599819223,264.900968233178,280.439751081253,164.489091218644,175.177103723509,161.70559655623,159.55528376334,177.785425337479,292.79654596352,316.874422858535,77.7958838930245,356.621724928087,144.441500741698,70.4772780130608,69.8268851157819,84.8890782764145,285.873103238721,284.893776058669,171.616304631482,181.570713723607,57.8023586413305,133.850243707652,61.8800745490064,142.306135418204,77.4388105762826,65.8459931374647,157.506803887764,155.448295199386,52.4821822005368,83.4790643438018,159.090884265366,173.450194968297,144.933041442789,411.547314586169,424.144887093357,354.92158215006,50.9115842196169,394.809713445682,336.414027582412,320.745978065223,151.717145654864,69.16201873418,91.7233617641482,50.1430466637167,57.9562044945359,60.5603765860815,57.846210339815,110.171646501697,68.4308349150154,146.930089201096,148.505649023843,96.5835564633737,56.2726699751091,83.5258566965872,62.1402474573634,153.440355742241,48.1073680701626,192.116682180163,140.718842432516,139.270154577176,152.335971777231,112.37228097832,111.161349414262,107.328137153694,114.447941955127
153.00718995107,214.987247258103,154.713544712184,154.991834423487,429.759503097426,171.737649518581,156.324785062261,0,167.234766965622,174.326809421892,154.57972532755,110.57105078995,152.579767403264,174.93750251516,151.511397455316,168.028078228514,162.992202906562,326.311725680224,167.427995812159,153.756976684071,152.909789743248,178.800625353228,189.857848370847,181.582437539526,153.160590792491,149.286422067689,148.756052467753,103.549474691629,103.104227545777,166.036000447609,186.754692260039,176.365586888139,192.907719139886,148.736202361489,152.059043438561,91.7613564046604,162.994576726866,290.20830727162,152.711043439196,152.320990212515,161.916927691226,153.521943455078,161.489488697277,157.181034353981,164.216231176527,176.493791348288,43.1935203709386,42.6070891919921,41.8248886270019,39.7460645214624,161.522122855255,194.128737799507,153.257036443072,314.262079840838,164.297806729434,22.9828105228192,35.0933455364515,24.1313333076034,159.948844788107,166.788402172617,186.250583862778,144.409886347831,146.739990343181,151.156773531257,156.165900462573,121.347332480697,215.404641051931,232.400880932944,73.1758025827222,80.4570829345128,59.1519660354093,62.1400787780623,62.0513591912844,166.426446352987,266.82238932951,150.270635636487,466.996881684147,54.7397917019123,142.670187143522,150.134920298108,168.342357142903,273.333986247175,264.494241755312,156.195287996011,168.511533710509,160.405340185888,223.989276654889,160.519729255192,233.214136383494,174.536973986602,163.558854257864,166.346417891263,167.293519013313,153.749690749207,151.366929606575,65.4756220366072,76.0166412424134,48.5838540345226,443.215173287878,475.071520810894,454.670241591152,164.987988689231,325.285217519458,300.68649166654,315.772942894936,165.869958208276,164.73907463241,181.594121230041,153.943704735998,159.062306449896,157.797362365322,160.981049878425,135.528990063728,171.714706238478,52.3657716538854,56.7071502514353,197.218646187955,159.554718790087,186.917621693047,165.30735799274,18.2741475074244,155.441102479631,193.852802795432,128.861060924348,127.195035607891,144.874351759466,129.206330184608,128.35297527552,134.257021691406,136.415389430134
99.996762183768,152.495414517553,103.275575531111,104.086891768404,372.360973758907,64.6198505455205,101.303467428378,167.234766965622,0,114.868883749616,81.9857867612633,195.638607539348,88.4658118112821,102.952190848703,79.6414035251678,85.0047083764137,90.0808679302775,352.630272486849,94.4003498851539,84.0386398739931,83.2488203518724,104.582053176733,115.645295011986,107.093031370156,81.4176880950382,77.6470645971988,77.2489919212688,184.047453952211,179.058522728365,102.079156234624,140.193358824471,122.200030578601,143.763730783143,175.152336002622,88.0926295567963,183.554535656857,190.539306708858,299.997208516885,88.7320003896432,88.3469298681324,112.912359041608,104.036340518129,102.541784798856,96.2963079128569,105.954713072171,107.23441642061,156.468164379973,157.559439640397,155.965007288081,155.225142867884,67.8162510436528,122.417801512707,81.8259727109308,230.030050944221,103.309841244894,164.215681394587,159.049473367317,167.36632149217,99.3386773720078,115.276982395437,148.162458789422,73.0244399721121,75.9040568727213,84.3397766804304,86.0676550728662,113.783984276623,278.959719722236,293.974735958176,175.940909672254,187.393041698171,172.987310401225,170.841799402521,189.079598073664,303.897582844075,338.269835779405,66.9110340640187,406.496323434101,154.604943696674,70.9465722009782,79.5429143622646,99.6646675017682,314.603428780619,295.282824806293,180.885103349813,190.737983531953,110.930289482554,185.926586087897,115.629038976611,194.527591246567,130.845916565449,119.401981769418,160.580903394509,158.132191494249,93.7206914112921,47.6116800279299,170.483404469492,185.42073584008,155.043140182065,449.901990510991,461.077176020255,390.278787806295,106.198070581491,411.877349427568,351.070823640033,351.015118345121,154.912596614382,122.69390349296,143.767756321781,94.3657726400245,101.301300531752,96.7544619668529,110.351822971944,107.66183036962,114.975167053635,157.076502821127,158.186440093337,138.003003775918,108.69530221062,134.534480536729,114.388457110269,164.416043223008,105.601152467571,198.779302657058,145.986100468287,144.714088847886,157.334935131332,111.155338749047,109.764805684215,104.503262468668,112.351875600276
124.078999122993,176.802161575596,127.157562012036,127.883299963996,396.699317679392,117.849237961376,125.77775368673,174.326809421892,114.868883749616,0,106.205053389022,203.515378846441,113.946578386032,123.905224095383,104.033536916929,109.773760222045,114.013436251787,367.263116047005,115.541745676001,106.590900776354,105.613843520132,135.54969137735,147.030023013287,138.375792182313,108.565161924285,104.85751505804,104.466589198064,191.819835225935,186.741708567401,128.330646202925,150.963500587945,135.79533680594,155.329234903414,182.059458197528,113.572574260345,189.928256220766,198.129447471067,316.87043572682,114.206108918391,113.823749310929,136.471920181405,127.646132901004,127.529812560999,121.514314145837,130.854397596454,113.632058365662,163.405569575424,164.540642357641,162.924658864775,162.158602263007,111.411806907999,151.98673298124,109.143190757408,266.233138200351,128.643769295006,171.297484631934,166.047941658381,174.448565664876,124.628177013883,139.21418052876,156.989928678721,97.786666646859,100.378774908243,110.09770831691,112.565784860557,115.972369219453,287.448728823897,302.300973546205,183.279860140471,195.013808422022,180.241152869514,178.104360059518,196.326721515493,311.066607799998,349.259478656086,102.259782829306,432.577611636667,161.420156015949,95.6982311553115,106.284334112082,125.887775156797,328.273692300647,302.791218235581,188.029596983595,197.908540969596,134.572573375628,207.944624802554,138.6329505686,216.66355749211,153.702681422575,142.313858620083,165.422597174446,162.917999740106,118.955708321272,100.743617845241,177.79425056017,192.945307319876,161.824379751,467.08320877141,477.767915781314,417.292467999884,131.708056057865,421.293117313337,359.900644497159,365.2464407496,160.424373912796,145.23779696455,165.722396273716,119.606865248852,126.135404457013,121.9904495231,134.160482402019,107.736637312986,139.70071729621,163.876072107989,164.786798015907,163.061453333865,132.537317481974,158.59898547607,138.23920897578,171.535064624023,129.254882931353,205.496347845575,151.174094400282,150.005295615843,162.534527465149,112.496004702742,111.052036812084,104.171538157644,113.050669481091
84.0869572727673,147.341137033502,86.8878222092898,87.672821040449,360.149361645825,89.7244349952526,85.6699967302806,154.57972532755,81.9857867612633,106.205053389022,0,182.98620642944,66.7594306487843,78.9071291630337,46.605738458427,92.364793814872,54.4300000424912,338.385240319888,74.0367927983264,54.1319062965597,53.2601311909964,89.5169872208876,102.115787839471,92.8012812932119,57.3621548221475,53.8739240322444,53.6318320598313,171.451258419049,166.514759259971,82.6277178403115,135.328037970455,119.250065460104,139.500204730381,163.388102795114,66.4927020349082,170.958012797977,178.753216975758,285.082327262185,67.1076582681313,66.7332722626677,96.034181321919,87.2999983701749,83.2571722240898,76.26267335407,86.9017848698428,107.30377532609,143.844269338562,144.931414693925,143.339073772083,142.598920405503,80.8082582750935,105.546347317545,58.555000074977,237.916711799449,83.6408157429837,151.565116644192,146.413179530591,154.715206554235,79.843304439669,97.8759104227651,141.552680369951,43.4500107951166,46.6428862975835,61.2723892251347,61.9649692389598,101.017201422654,266.35832050578,281.448677061463,163.303170204573,174.694483776648,160.334500347042,158.197536509414,176.411181790134,291.235731339495,324.804290772132,55.2235098176199,390.188250017957,142.008366733232,40.4812084009524,55.5772379882395,76.1390354361164,300.499137196391,283.412568072924,169.18328955703,179.117768164151,93.8433987268435,169.726507288167,98.9907729498965,178.262767065639,114.257571380177,102.7976028015,149.796355591273,147.552128157559,74.5516206412478,65.0666595212068,157.842439325809,172.734397006691,142.431989219963,434.911017260451,447.102450495502,372.867491828746,89.8149004686503,398.799264226722,338.572313950315,336.776199498886,144.733555049053,106.329536206414,127.610776863055,75.7030708914068,82.4107946779931,76.6554061617873,93.0996236732703,95.4343531770225,96.5947910336184,144.468953669796,145.58021997818,118.803522817398,91.4149968239654,116.97031713842,97.0833273985498,151.759327345214,88.9461542477065,187.928600479664,134.163113242631,132.919683707036,145.714700438088,98.4545862563312,96.8289425618651,92.3270581753211,99.5905515827981
179.427279463954,242.520711702478,180.975822890904,181.205873440696,456.667333798877,200.189413612789,182.913676408068,110.57105078995,195.638607539348,203.515378846441,182.98620642944,0,179.970492420841,203.571410774997,179.831648639308,196.608930107351,191.450446197438,344.437020253361,196.089129813542,182.084453185662,181.254415221075,206.595851688265,217.607163292414,209.370147479349,181.142480537495,177.250251070509,176.705452930584,87.8098842686547,102.824633118871,193.322041689391,214.995522142618,204.609885671111,221.156747286911,173.617995607421,179.434556337981,143.260586169801,186.013760522573,311.752811944625,180.088541060269,179.697657557725,187.947565291518,179.599286547515,188.400142681835,184.266881687872,191.065452140658,205.226257421953,101.649167797098,101.545940807832,100.53795404735,100.734551143525,189.81174999129,221.827671205562,181.186907218166,342.444460491629,191.382393180954,107.384514703517,103.400355320456,110.582511367243,186.999496328331,193.04023933416,214.452231464095,172.638746766488,174.947347767088,178.795200717608,184.055423322824,153.152589819788,218.581604617072,237.305447877676,103.899433921966,112.856611205693,108.622648497619,104.33856820794,128.575873398815,245.509274530932,292.761651297917,178.487140500178,493.953681871147,102.837950314631,170.934308274414,178.046469211841,196.117895901918,294.291065707927,287.159785131605,180.640298699746,193.141672346245,186.476346289241,248.986111407313,186.181852837321,258.28689198147,200.096894669866,189.157640838896,195.18549448475,196.116479539106,180.746777087481,179.690096506141,100.682518442172,113.540721586915,104.391916697655,464.79610645109,497.995262401956,481.915463626497,191.83574733348,348.755395928359,311.405298702474,336.307633759615,194.268042947729,190.113808653246,206.553805932414,180.894955750846,185.866810944901,184.897585030817,187.154677626835,165.842715942846,198.426215516155,105.856188514022,112.185590890285,224.149997216901,185.74883292769,213.246607294009,191.506654970831,107.100777281731,181.552747426528,220.556023969036,158.332210605392,156.43967509897,173.923371530571,160.256128995653,159.491508646858,164.475057515785,167.120388116386
58.9079622939308,138.491587931616,60.7486577005142,61.4921882222402,340.673735275547,95.8386509931534,60.8966989093763,152.579767403264,88.4658118112821,113.946578386032,66.7594306487843,179.970492420841,0,94.2959838269363,60.5646210975069,98.0944803682978,76.9574821049121,325.273171409986,88.0861872001573,61.8589214825445,61.5755429654225,81.5213754252196,93.6989288855604,84.9883240376717,52.4629951614417,48.1202860267173,47.178068589133,168.618384305298,163.841169639262,56.6428733600202,136.280719346362,120.156357506736,140.451657120195,162.246516301273,14.4483753713872,169.942105011172,176.795453817871,268.429605820371,10.67008956577,11.8113285108024,68.7179130021173,60.3425160010703,47.2925582798463,36.8755423194732,51.9002018032013,112.691466555492,142.070511233141,143.097307028165,141.534707835587,140.828522929343,84.7768580052101,93.3631750386606,51.35104704398,239.557184949231,48.6036984777909,149.582000837596,144.550050028876,152.731090338058,45.2302315009509,68.8181194484623,142.481579620341,50.1668593088399,51.413918557398,35.1050364060289,51.3381767535346,105.112265662685,262.605558462533,277.971228059176,160.996011449689,171.971084437338,158.125520646385,155.984217223048,174.198136701491,289.12979357138,317.053293695866,61.3122712789155,366.337756498347,140.414676710548,49.7927324128908,46.5569904720337,59.2042070709475,288.717862111406,281.487903096202,167.806866226673,177.76784250369,65.8782398729819,145.337651843872,72.7165521414031,153.624999583812,88.2317459408355,76.6851062038943,151.387513495449,149.263534748117,41.1015839881445,70.7724689392077,155.569105110837,170.146025399266,140.871933684025,417.792517809548,431.897438950053,351.015986532098,64.4671417030477,393.425651942712,334.484622156875,324.150916272074,146.00317791994,81.1034274012501,103.372777038304,44.4628171663182,48.0754834348818,36.9735647027811,64.5537410867153,100.707303534967,64.558023321902,142.887549890415,144.260747718698,83.8284782201139,62.7718023058581,87.3544867158921,68.3537339461289,149.722762169298,62.1851533866758,187.629246005535,135.008518285744,133.656117334421,146.621177613603,103.260674324815,101.848441762019,97.7425097313767,104.905365233073
109.647609624594,170.123923223554,112.530317635644,113.302394931653,384.796224245199,110.009174578571,111.244028415486,174.93750251516,102.952190848703,123.905224095383,78.9071291630337,203.571410774997,94.2959838269363,0,78.762860689592,111.649858864436,83.0177750891774,361.127147843701,60.6802888594088,82.3180249723781,81.3074574469303,116.049856204549,128.308897666748,119.174337204977,86.1372732520511,82.5546702312401,82.2530191827985,191.999217097391,187.030464566406,109.654003674196,155.484128131083,139.550817971976,159.697003605206,183.606363128762,93.9981696536368,191.099574535899,199.155260462009,308.56528503346,94.6188370578785,94.2419898255115,121.734425616783,112.973557073712,109.978264066569,103.253102538081,113.535749088621,126.269807664796,164.153455494198,165.253830146555,163.654973020067,162.907209823784,102.407612592394,132.380816320924,87.0733707629779,259.48763721214,110.549891965691,171.91941129109,166.741559263014,175.069690257613,106.692064480891,123.813123286941,161.603290906592,73.5128036751961,76.2974334331678,89.2813319707862,90.5414160703864,120.002080196013,287.112479067447,302.146064767084,183.730752944139,195.211242737842,180.739151307905,178.603708547523,196.815733786331,311.616759714286,346.394863824919,81.0814956725835,416.259122834019,162.279002168381,71.0984539425326,84.1838671163433,104.435572454066,322.948403227629,303.801936050862,189.458508021206,199.391823980947,119.621454793698,194.861657507886,124.48816597451,203.444033694931,139.704601584903,128.262814528857,169.443805906532,167.182026374657,101.293332608049,87.2327626798549,178.262247540711,193.221740972165,162.694213634991,458.493026770477,470.362691067511,399.426842006876,115.804445674824,419.884051134467,359.408963517745,359.405275313129,164.489193382535,131.639938204592,152.719175936268,102.298600047798,108.982860204945,103.668894161016,118.96415252044,114.149831802135,122.994665133682,164.736168016103,165.78900746507,145.515441554992,117.295434639489,142.983902528967,122.972841778711,172.125177830895,114.607949126182,208.008805124053,153.928279689869,152.710979623486,165.476282557468,117.275613516464,115.594722776974,111.006148266165,118.28873142374
78.997125234588,143.618201940962,81.7430339077638,82.5302333635709,355.521373467501,87.3758824341674,80.5932777382896,151.511397455316,79.6414035251678,104.033536916929,46.605738458427,179.831648639308,60.5646210975069,78.762860689592,0,90.0138400333118,58.8742612198974,334.376523255658,73.4927999592262,47.8333251812093,47.1303232896688,84.9412454217723,97.6475737365481,88.3042704317389,50.8130271715258,47.4196553080348,47.2213881160908,168.312104435074,163.389024199279,76.9414612561362,132.508993866703,116.425383262072,136.680667254,160.391875741847,60.3200703236352,167.97306776103,175.687334686006,280.776382105692,60.9296587338907,60.5576285970078,90.8377280711995,82.1216123232164,77.5504218714468,70.4057035596526,81.2419392275878,104.915948167829,140.795079010938,141.877110964382,140.287289959956,139.550019011292,78.1769736068341,100.57980152433,52.2490292784651,235.089829818574,77.8566213856274,148.498210072087,143.356427905004,151.64821602862,74.0922945279529,92.5653495263882,138.732241892224,34.2247749042575,38.1479483425377,54.8040506983515,55.3139596433396,98.4664539806433,263.140930702416,278.25452772558,160.208738313952,171.564843958922,157.248431276891,155.111082273556,173.324799225812,288.15842463048,321.249738814254,52.1857897997679,385.012277623118,138.974411991822,29.4500309897575,48.9904572881551,69.6026591225932,296.604152797244,280.349601586503,166.166973136247,176.10365702852,88.6071121699335,164.765104286668,93.8785064718284,173.281792432897,109.165768190937,97.6985168692388,147.033865097558,144.800088412567,68.8631401154679,62.5542088728685,154.750884822362,169.616193931025,139.400908534674,430.565743017256,442.907341977003,367.570994187628,84.6039020730207,395.44549356445,335.326107297442,332.809913709208,141.943487292106,101.297729274353,122.660975673865,70.109178966229,76.7839755076938,70.785389775736,87.8233547037489,92.9873929777697,91.066879941878,141.43605708973,142.569538443585,113.111410807069,86.1315727426917,111.623215191804,91.7951139349433,148.687897004894,83.7769808779626,185.003913201657,131.336321624207,130.083616430372,142.893217558433,95.9650982185047,94.3569753620882,89.8929584782754,97.1448382579619
107.350703325859,154.328052165595,110.747520293937,111.534108537692,377.919541337508,81.2114044945608,108.720096965845,168.028078228514,85.0047083764137,109.773760222045,92.364793814872,196.608930107351,98.0944803682978,111.649858864436,90.0138400333118,0,100.326940983859,356.292695269949,102.990772089414,93.5152116592887,92.6570194721539,117.168088146356,128.167280250781,119.747210550143,92.6876825885705,88.9212304677102,88.5048838118547,184.953409655158,179.906256139888,111.824928366606,135.540572682059,116.457900247568,138.747797057473,175.251818735391,97.7001063022948,184.142007562535,190.813684108068,304.643053303301,98.3400976857299,97.9548658176862,120.439400140918,111.529809203346,111.367875218074,105.418722398103,114.679814262713,88.6318502455019,157.203738539672,158.307974618736,156.707121819107,155.961503279187,79.7640303227715,134.262286499439,93.1005662589848,235.418610959136,112.424072113634,165.003422833471,159.80792014202,168.154561380205,108.385923933205,123.11934146429,144.618353006668,83.4593446817516,86.1650333621046,94.4303421957696,96.880482359887,113.562727384483,280.033791481906,294.95717390488,176.777976304386,188.338261516362,173.815865290209,171.666167737875,189.917888678619,304.713343074409,340.535165976107,82.7733500359766,415.345858116406,155.292908550547,81.4248500595398,90.5076822001098,110.176367656849,317.938907805453,295.599943832087,180.993633383618,190.792258267129,118.559987853907,192.679835058982,122.8796022733,201.346828455348,138.029714120491,126.609642276421,159.469927204187,156.852455286656,102.659902774793,72.8258091576751,171.316395127138,186.33520435488,155.733937916412,454.672682879542,465.06435786509,400.156378531486,114.604818112613,413.505459530636,352.149442562559,354.575316841016,153.491684685075,129.683153270108,150.481421962209,103.187043605237,109.953744598462,105.901657296334,118.097432626914,106.707488328885,123.446003928892,157.768860617118,158.832508117719,146.847822291918,116.462644921318,142.477713561337,122.167000913127,165.216705979847,113.081310605143,198.153187515146,145.734279893306,144.464399711256,156.934689398988,110.724995982245,109.481122277202,103.459598496441,111.851370641858
93.7166318483332,156.194160137115,96.5448837209755,97.3277403523364,369.519601471206,97.7597465375956,95.2965980121651,162.992202906562,90.0808679302775,114.013436251787,54.4300000424912,191.450446197438,76.9574821049121,83.0177750891774,58.8742612198974,100.326940983859,0,347.359421553752,78.9395533344738,64.4940328000038,63.568200217483,99.1534539939136,111.666276177616,102.389767791298,67.8858549113777,64.3587761939042,64.094842304655,179.906351689365,174.961888818442,92.6279822118656,143.603228303315,127.534176187831,147.777231766979,171.758514799281,76.6808229403879,179.320553293779,187.165605550359,294.233400629639,77.2978608994908,76.9225694546129,105.714540805428,96.9715015879646,93.2141776166921,86.2967964229954,96.8342727856029,115.277723973883,152.245313741661,153.335520818736,151.74167114985,150.999787768455,89.1201055268773,115.333497925004,68.9756989501169,246.304516100285,93.6451171002503,159.976748536673,154.818741139635,163.126887949229,89.8303311959725,107.619290690572,149.82496774267,54.5982752793891,57.6133146838571,71.61048619158,72.4564632943762,109.11854615048,274.860406573124,289.936944912249,171.731342981844,183.143683168714,168.757628079795,166.620909985202,184.834470911725,299.653585212213,333.507131983876,64.3136827304948,399.911368506987,150.400311146014,51.8970551289723,66.0656994674256,86.5500268563091,309.40512387632,291.823062296086,177.565909015557,187.499177759486,103.545244066935,179.268918319464,108.621678591587,187.81658819397,123.876364899496,112.420731478782,158.026386065885,155.775941949422,84.5071233586224,73.3887708920364,166.268879541521,181.176753208157,150.822187370885,444.085553496849,456.190503374925,382.695866267252,99.5355101387826,407.382314842279,347.09193381618,345.724733937198,152.981113426864,115.913845563142,137.146474785801,85.6131248813225,92.3259435637425,86.6961811094104,102.823914139236,103.470599162413,106.459772571844,152.860246631154,153.958187302747,128.755489064278,101.143356025303,126.733916577604,106.814226953915,160.173663635371,98.6133384872551,196.257130803312,142.431309260365,141.193494230409,153.979835757084,106.518434460487,104.882532925323,100.354935522421,107.627516319178
316.004263770134,394.422434150507,315.24754909949,314.865500766921,599.636188277426,357.997911255999,321.234885595787,326.311725680224,352.630272486849,367.263116047005,338.385240319888,344.437020253361,325.273171409986,361.127147843701,334.376523255658,356.292695269949,347.359421553752,0,353.981224873775,336.579137588865,335.907826581307,356.528488781356,367.215435486968,359.287063910978,332.49943617433,328.432629288633,327.745461126551,337.519221379396,336.627804293275,337.793631779911,379.939834991415,367.441262678071,385.374710200578,364.823207200599,324.584316307637,354.960031605416,376.51444581301,361.944775354455,325.25661778481,324.858144471647,318.238188414399,310.906683076724,328.68859704303,326.424704622298,330.685859300553,366.985860495845,319.011547509561,319.326961334779,318.117114506256,317.719671155842,346.732266150242,370.669323499791,332.041504802571,499.229722016349,333.643837889632,323.624861725213,320.21746575397,326.745954806226,328.916574425473,325.820242116661,381.877509618181,326.294300919081,328.369737758521,326.62624673414,334.447808929658,333.099948334536,427.311829620632,448.095406271099,332.473957064709,337.006785948186,329.926614661051,328.062382072806,345.440604522168,461.620029521156,424.958083775068,332.663262339055,635.540503599888,319.991732869233,324.941091462853,328.676015770452,345.355775439835,366.312863426731,479.612801238079,370.578796672355,381.833806746141,316.961105451431,364.520162918992,310.875797905383,374.392123611949,322.971435153853,312.763238568463,374.874206076467,374.545743434762,322.138321897862,335.944181918573,327.222438127756,337.006094720637,320.261087884983,510.450596720456,639.781218025193,626.21173045042,332.34718557528,518.846758175764,506.376901759918,394.200576722099,371.650580028094,311.917225572637,322.118097265266,321.925620930685,324.99816905191,327.207140590405,318.965405821088,338.762644282232,336.636021423335,322.19720787808,326.098516662402,364.729943460314,317.829499293088,346.959333840917,323.630653529544,323.048987848379,313.486289951133,402.770222080731,346.893645739635,345.121510649798,360.592076697339,336.562312797191,335.642895797017,336.769797322318,341.377662536813
