0,47.5127734808702,45.0814794057212,46.168729225547,44.3870480871609,57.3612567656447,40.2918256968052,94.6497287022275,57.745954933279,60.3688568388702,65.1198154826215,72.4457449207558,75.0915316213584,63.8873729988747,66.7115066174575,57.2856608125415,64.3387073875378,66.1018769076636,63.2386570527389,92.4684000091121,92.1864402914726,57.9066441489786,56.7820732337318,57.4964219648759,64.886684065666,64.6118135613887,64.3471308757558,71.2124113254295,70.0940001363936,58.3074919444596,54.6266719459759,54.1190245757698,54.4313303993596,62.2960662412952,73.2434012254525,79.7372164718609,61.7936166870907,81.234584949349,75.083830688077,74.1011122230972,55.5236199925117,51.7134102470858,67.1107610651151,70.0300182598939,66.2824506653285,57.5506156212167,79.9790234453231,80.0060578984981,79.9841520332391,81.2417442877504,54.9692339103423,58.2330593359384,63.4652424314983,53.1315230695659,62.8768599582061,87.4573510473528,83.4953566071498,88.48840962809,62.5988748310162,64.611352129832,55.3479018863521,68.7069408745877,69.8870252685193,67.8163806159241,66.284850917798,65.9316377617706,67.4207460348618,66.8014979065836,75.4114556535059,77.5055328807015,78.5226228137506,77.1676440395976,82.6534928587175,85.0348083169178,89.4123401970432,59.0524764018783,54.6665796280292,76.6278243324408,67.6708214589336,65.4974264623849,65.9922338924618,100.477607921689,62.262338832569,61.6645477611161,61.2107894707976,65.4675642519875,59.513354066568,62.5843282189741,60.1980837750534,82.0618490183636,65.7354139393511,60.7191780979489,60.3770271645715,61.2180617402012,57.0921943332553,75.9847469097834,77.922207408383,80.1830409176636,77.1290174373142,55.121835758382,56.2267338465746,53.8793963953884,80.0385906623715,64.8032946503799,78.2679336040506,59.0281941601713,56.9259137613991,58.9160835086369,58.1107667212063,65.2785884251133,70.1494116906702,63.6515661357917,62.9748340584019,58.2725524905889,78.9442178213736,81.8390801913013,63.8905651808997,62.1996686753402,64.5260652617896,65.0607120770225,88.5183290256547,50.0263144846812,59.4407300067761,63.9132573464296,63.6512788219794,62.8901738857892,64.5606697896645,65.45764867924,62.773876763319,64.2931876065261
47.5127734808702,0,54.0062482142729,54.6710890943043,33.331298620106,50.7753442927019,40.6192126584255,95.0239593026502,51.4485453584805,55.305165707493,60.875181681746,73.2859193217206,74.3023744760646,59.2419731534458,62.7363081178764,50.6805967281001,59.8923258504658,68.5189551960099,58.4878342660976,88.6962981694674,88.376771478278,53.915852245133,52.492478235414,53.3004029093786,61.668209095007,61.4452721353126,61.2370955104257,72.002333819303,70.8176844154167,56.721633463067,49.4523765065916,47.5690964765528,48.8159698051121,62.0575351111441,72.5167289197688,79.5543300140683,61.9094765081598,83.7846658734132,74.361507647232,73.3763308300527,61.1870720808431,58.2003768409788,69.0829323454034,70.9218177035121,68.6331827093513,51.4136497626131,80.2565484890608,80.3331704669641,80.28644041701,81.5086333323474,46.9602283555807,54.868640720189,60.4056815534444,43.4239694281779,63.3266624394312,87.815678428873,83.8033271946663,88.8341054377219,63.2082803493274,68.9571429150997,51.3427240135171,65.0828482444981,66.3527285369732,65.781405732354,63.4915571681224,63.7584767480229,68.6616662747265,68.0136517060851,75.9782409186961,78.2390431304533,79.0453828136716,77.6905665157011,83.1411355727253,85.5041771805219,91.0365685627318,54.2721803303612,51.5589575105813,76.8375256239673,63.8771894308795,62.5895818293859,63.4435069441965,102.566548091261,62.3999597874618,61.5042929031735,61.0101389110185,70.4472171304095,63.9128529425965,67.7038714402013,64.6195166218359,87.0314816145001,70.7525437317817,58.8715163687887,58.4004038526249,62.0459253843062,50.6306994700917,76.5368284635559,78.6020145028597,80.3390090814576,79.7382898969743,57.8265597137982,53.5779557715786,50.9453855684558,81.4807094221504,66.2558709683608,80.4394820940957,57.2232621426271,61.8737301643258,63.2946110418661,58.8801639829896,67.9265444282819,70.9510291235218,68.3515008497267,59.7577406217648,61.4373610633236,79.1247861963821,81.8258212126616,65.6311629328157,66.8809477488255,68.6225012462652,69.6325852255134,88.9319073450179,57.010392251362,58.6492461903353,62.7545235416598,62.5711072876127,61.654986849259,61.897330465399,62.7616519711547,59.4357100206126,61.2970088112156
45.0814794057212,54.0062482142729,0,24.7989031822024,52.1374573743323,61.0914434743188,49.9712319768509,96.7815538671727,61.3220896487304,64.0462871955784,67.7853107349799,74.343101879785,75.1916840304383,66.8816724252635,69.1960665542658,61.204902113109,67.1500336735894,66.8585466240151,66.2914620047578,94.8578121730585,94.6074195568548,60.3612916305494,59.4292157798069,60.0641031073221,66.8161134442431,66.5067765938472,66.2052585353508,73.1561532354718,72.0959956722973,59.4188566073039,59.208975522935,58.8335772440702,59.0675030126743,65.0806247525661,73.2961907435294,82.1619267472134,64.4565833037834,81.7581525663399,75.1293902889948,74.1503592606134,49.2290327913458,43.2796815350393,64.6872651184456,68.6806507336773,63.4527396209998,61.5493961693551,82.1713237026146,82.1711357025533,82.1629268762625,83.43764319102,59.0184447580767,60.365164464317,65.2943964249103,57.5700642788068,62.0960694555373,89.5986641883544,85.6663284937257,90.63642048017,61.6834041897738,59.5710446031926,59.7250730884605,70.9429580025167,72.062533163912,68.9085268821821,67.9241690897407,69.1564886942831,69.1384146988683,68.5589952760048,77.4546843956903,79.4395302794481,80.5798194576263,79.2289120851243,84.7245017830624,87.1148248926129,90.7352111745045,61.8664605746572,57.0326395438474,78.8663654945509,70.0267019219439,67.2174216673338,67.4634109583413,101.424754907468,64.8811902169903,64.4606349740107,64.0591298024111,60.1552835822025,57.8152944269612,58.6664978864373,58.3685358890127,78.5363985407515,62.1029866599981,64.1261156451923,63.8403493976136,60.1707001694153,60.6648430035103,78.0337795184321,79.8876855585479,82.4397284740451,77.596108460978,57.0910330733769,58.1643835639964,56.3039901536665,81.4983361078746,66.4654492811919,79.1453010839152,62.5793224695894,54.4654677503596,57.3564819789789,57.4024528926783,62.1232991244432,68.8851182484826,58.3408806519038,66.4769323229651,54.686255854934,81.1907129472018,84.1790338476048,61.7790224756187,56.8454137090569,59.7274305511594,59.8526716993504,90.6288207945154,39.5084499427193,62.6703933823919,66.9406135900425,66.6663213575404,65.992400906412,67.9217440514766,68.797064118413,66.2983361142513,67.7137285425895
46.168729225547,54.6710890943043,24.7989031822024,0,52.8984106607041,61.6119067728091,50.8744425083574,96.6532483054092,61.8564001064178,64.4376509525553,68.3070630606239,74.1625668784083,75.7196535277804,67.3740320670883,69.7246321868731,61.6821199982276,67.6623101917095,66.4638242173075,66.7826104497955,95.3764385752811,95.1239253369404,61.0011508664835,60.0860078718923,60.7072777718037,67.3848052373193,67.0784003071196,66.7798465142811,72.9834837551876,71.9333578287345,60.0880227188347,59.5445633504754,59.2257485010619,59.4220784199092,65.052453726706,73.8234580909757,82.0975660249818,64.3965539874992,81.3297372003654,75.6550696822741,74.6767809507782,48.0241091124989,41.2676349984361,65.0126786950057,69.1226023116619,63.7191378038289,61.9768243672076,82.0550768257318,82.0490866382117,82.0437894685235,83.3224196173557,59.5917646941661,61.0129774292388,65.8768299831419,58.1785726599456,62.6346800623254,89.4722976715815,85.5460607005806,90.5115099523561,62.2171656824826,59.2192725061642,60.0041910834518,71.481099723586,72.6010771647381,69.4721927089996,68.4920352698801,69.2956069910536,68.9158412427536,68.3424357384711,77.3055991657801,79.2691027538382,80.4348268009444,79.0843289514835,84.5830583869599,86.975416943918,90.4473967064281,62.4571741771074,57.7690470248857,78.7589318105339,70.5607347967494,67.7879528394975,68.0348757384162,101.069268399554,64.815564864196,64.4290211276245,64.034726983899,59.4037917430479,57.0291686847872,57.6686469366577,57.5701015774987,77.584710097014,61.1366104487011,64.2458802459014,63.9715138161856,60.7183503983011,61.223650010742,77.8861772487584,79.7237484273386,82.3374708454465,77.1580913720021,56.8338398912048,58.8693201738379,57.0660414843161,81.2358606841606,66.2254104857154,78.7774438543891,62.7042876064591,53.5403137354646,56.5840602872655,58.044477460878,62.3391146488619,69.3345913983483,57.7898481358695,66.7080955512454,55.0185599769959,81.0858999974078,84.0956432104614,62.1799471774523,56.3217154487764,59.4973004101463,59.3717786222159,90.4959325703885,36.6791589900319,62.713174116539,66.9909065251143,66.710336706986,66.0528851766527,68.1053911520351,68.9844061560173,66.5398104223789,67.9275458349169
44.3870480871609,33.331298620106,52.1374573743323,52.8984106607041,0,52.6890293074684,33.3317012803309,95.1372648868324,53.1955599163355,56.8521296424323,61.8499158947788,73.2811110279206,74.0823079714371,60.4249707329795,63.6008502943614,52.7230600197152,60.9604162438826,68.1236208447972,59.713766628047,89.5107837795384,89.2085424855433,54.4635425355336,53.0670409006144,53.8999321233591,62.1802844124681,61.9326730876864,61.6982452692564,72.0096969598852,70.841133354009,56.4850615162343,51.1277460191851,49.7530502430595,50.6486472677609,62.31328875034,72.2774274977843,79.8086395873781,62.0731541105558,83.3566063452786,74.1229707204477,73.1375750988427,59.8718246270629,56.7520328781986,68.21291408751,70.2742387076807,67.6945195001869,53.3623399309234,80.3940534096751,80.4581599365476,80.4176933125643,81.6488872817756,49.3229632343855,55.1971410353063,60.8300931856965,46.4060086440992,62.7226075607945,87.9329771351669,83.9332798921782,88.9545993609121,62.5652406011493,67.7466830954941,52.6285802765309,65.8049286387188,67.0432745920612,65.9115581095731,63.8642305565166,64.5271790687009,68.5551711525797,67.9138057620591,76.042476926051,78.2616874001564,79.1210074108903,77.7660356901405,83.2257733220088,85.5934556759836,90.8372903761835,55.2537688693635,51.4803705478176,76.9918843135302,64.6666465028866,62.9938296459851,63.7266229221454,102.252299491884,62.559698682667,61.7377924592992,61.2522030527792,69.2107494656544,63.028534855991,66.5859299096977,63.7260999245119,85.9577317830921,69.665819928209,59.550330066462,59.1138446824392,61.3331156093253,52.3672040416921,76.6048363892717,78.6381563985108,80.5072620245019,79.2956292578171,57.3420380217342,53.514663364097,50.7138465202124,81.3265982885971,66.0951641840476,80.1048267732257,57.8824246042363,60.8606926835498,62.4191295842307,58.0928707939429,66.9357944418932,70.3234671643811,67.1161227972827,60.8086533182888,60.2970772173096,79.2867334549664,82.0370689669973,64.7827655145662,65.641138789611,67.4350242992761,68.406847165858,89.0352729441288,55.4710873858464,59.0356709438906,63.2544731133764,63.0498711635223,62.173410701407,62.7966782116213,63.6674097605855,60.5196771058234,62.2840378987068
57.3612567656447,50.7753442927019,61.0914434743188,61.6119067728091,52.6890293074684,0,54.4002979030264,98.1269455417095,29.1427823466571,48.3614640086934,53.2687371298648,76.8428343823943,74.1715657885269,50.0980133978998,56.0211907895664,36.6713927401416,51.5132560867482,73.2083659040327,48.84908267654,82.5161256009535,82.0985765263955,51.3429428004606,50.5985171324148,50.7229233232491,57.4882460640829,57.4501839155682,57.4367741543279,75.5362301624113,74.3193291910918,57.4972722585781,52.1546382440793,49.952987622635,51.449990067724,65.2256481039132,72.4919485956045,82.1216691318765,65.4184394178818,88.5030282361618,74.3276228026652,73.34591883406,67.0351156770694,64.411279502037,72.1768993693497,72.9497426364795,72.0592685705455,44.1218789935921,83.2811364191139,83.4034937816399,83.3339671790432,84.519942502884,38.7000701410281,53.2575891369027,56.9281681309646,43.7874065945217,65.2154847784909,90.9050122371177,86.8489837599565,91.9113614857013,65.2764055989074,73.9148060579092,54.1268861201369,59.3832865138661,60.8707012307742,63.8147839245549,60.1429424264477,64.0256574208808,72.6077020822158,71.9582064905047,79.2824842617538,81.6735283245842,82.2955876635871,80.9465542611333,86.3514166004889,88.6960960760648,95.1571856777837,47.6808167439935,53.316634099528,79.8140679047586,57.7076953359265,59.0812318164693,60.65677904224,107.001636227683,65.8700102679878,64.8201536929735,64.3603097991145,75.8930036836984,69.5496535590064,73.4762439696486,70.2497275505317,92.7641138578236,76.500004804559,60.7324000044686,60.2119521169898,64.4484756136899,35.1797388994042,79.8246196310507,81.9896585827157,83.2479543430552,84.491907343492,63.3929405823754,54.4219027418949,53.5273813911401,85.471091572063,70.4274292010539,84.9285034619403,59.6946569530433,67.7318774312262,68.9403302452845,61.7016393156122,71.6063680110734,72.8825060917791,73.5695712079005,58.5035553775729,65.7118296518664,82.0617309670893,84.5629725884369,68.6136147624861,72.0809101867689,73.400005384397,74.7566465904658,92.0718270131945,63.4111633776617,61.8846196916336,64.7817964520805,64.727350858418,63.7493843222925,61.4552137568676,62.0881890702822,57.9530355660104,60.188264147557
40.2918256968052,40.6192126584255,49.9712319768509,50.8744425083574,33.3317012803309,54.4002979030264,0,95.3382178145742,54.7976153890382,58.2760248348509,62.8247799065814,73.369039816314,73.936862225474,61.5673880737171,64.481016326658,54.5058070769159,62.012198709753,67.811194241811,60.8912475387125,90.3400550961244,90.0526591324478,55.1967892518357,53.8699597250592,54.6929289894578,62.7666143372528,62.4987337720226,62.242572654103,72.1109279592328,70.9597666415079,56.4386358195458,52.7704600124493,51.7294666842389,52.4004184685511,62.6846466743503,72.1128679164144,80.1452714275344,62.3599369085709,83.0039160547741,73.9583844219284,72.9731359485045,58.4668374071728,55.1742035133492,67.353512643418,69.6708837138407,66.753532759026,55.0801296240807,80.6191121243472,80.6710727303858,80.6366903963865,81.8764209130052,51.3990570721522,55.7234857158119,61.3483405865554,48.9571193530005,62.1902156852733,88.137866815467,84.15061518776,89.1625681965158,61.989337086404,66.4719346430165,53.9754476454918,66.5606135079617,67.769855371138,66.1273837857116,64.3166265545257,65.3348921167472,68.5466588591285,67.9135295055095,76.1972143063827,78.3746238803566,79.2859742977915,77.9311912072921,83.3990390787809,85.7711390482469,90.7257685855907,56.3031228589862,51.7887502172969,77.234088585039,65.4817558643219,63.4792561096438,64.0968229430458,102.020939644356,62.8392526808789,62.0927712795382,61.6191358741335,67.904935320019,62.1657753534853,65.4330933082031,62.8508040471237,84.859029677379,68.5513928875401,60.3133956906563,59.9096675246044,60.6849734878127,53.9866192209445,76.763053683366,78.7643558726888,80.7619604539293,78.9272652780808,57.0146762607473,53.737132029851,50.9217195440269,81.2615457156949,66.037408667665,79.8520225057941,58.6500019579667,59.8475136986064,61.5688854851981,57.3938718791209,65.932440073283,69.7426557887271,65.8105639137055,61.8555885729581,59.1225432381487,79.5356019340373,82.3326443004171,63.9555338974616,64.329829553873,66.1889554440564,67.113214751409,89.2266075140554,53.7708134439891,59.5566072662657,63.8390460537174,63.6170617310694,62.7802672787763,63.7165279979876,64.5897821334957,61.593232112156,63.2753729985171
94.6497287022275,95.0239593026502,96.7815538671727,96.6532483054092,95.1372648868324,98.1269455417095,95.3382178145742,0,98.9460467556536,95.7705234021151,106.091765073343,67.8599911487319,120.632914948706,103.447559366388,108.121336854403,96.6043921939696,104.822815477721,83.4891185267703,102.729426688874,133.61600245245,133.212932923992,102.691914590489,101.872831440441,102.297226684667,108.312304978995,108.165290824021,108.030538901241,68.8173630269899,69.8812534252598,104.72318077714,90.9922232335226,92.2693978010274,91.4193536476631,79.8393275874268,118.846750218547,70.0457058378141,79.7155163176299,98.4234003103646,120.676851265669,119.698490740966,99.9324872160272,97.8835360996665,114.029995183711,116.622905602869,113.243229289849,95.0844171959035,57.3379366577423,55.974805928463,56.6498198901355,55.9821034635568,97.6730840375821,103.422988776093,107.393287527197,97.1146586357918,109.634432674555,39.5373109736975,50.9250622640074,38.5101640024364,109.449275675589,110.616115620994,89.7019872923443,110.763710791754,112.040046767007,112.385570516255,110.101021216329,86.45952963042,74.7654893301931,75.0593774759176,62.1416077327077,61.9214701924481,56.8982735136312,59.186700688126,49.3318173240509,45.0210788634732,94.0673056712784,102.280560910333,101.504221069527,62.9455366391343,109.429793598791,109.264829207013,110.148309897381,112.179126546296,79.2173134975252,80.2743507252998,80.7610371869136,109.697073311971,92.5225720665902,101.901177680549,93.3807058518688,120.182239111893,104.20412091106,84.8537517656521,85.2974484810715,108.2989066961,99.1388379214777,61.2001410979357,60.2984559620524,60.7965541008456,94.9752775962804,85.4698329077262,102.672105377238,101.150390993431,81.436221806667,77.4348750911573,91.0919534302282,85.3859007585035,93.3680520623651,91.7819979691134,105.662571381246,112.257128530826,116.704986003187,108.988386987615,90.1416674949692,105.966443878221,61.1331194411737,65.8144778477271,110.944841925633,107.73453041187,110.854834644763,110.622733282617,35.6368573533158,97.5021135253515,83.2400540243757,81.4103719808365,81.2347216718679,82.1517683670894,88.4437268992832,89.1625588633622,90.5473532317522,89.9763904824932
57.745954933279,51.4485453584805,61.3220896487304,61.8564001064178,53.1955599163355,29.1427823466571,54.7976153890382,98.9460467556536,0,49.7941529562927,52.1141023906569,77.6326931830796,73.4843554405944,49.2937573891368,54.922483095762,40.8227897613401,50.3951954893723,73.8852534289903,48.0471903704487,81.6497042265256,81.2473137293009,50.0936252126526,49.4431269438884,49.4605312273516,56.3327986695569,56.3011317394389,56.2969550130293,76.3301373786636,75.1184799327747,56.7938198400387,53.4882882805616,51.4493856379893,52.8322893615089,66.1027710734633,71.8142831596647,82.9760388759675,66.2720913626904,89.1653915064018,73.6503297491755,72.6683839248392,67.2549880491066,64.6469633496915,71.8726296750273,72.5039162111199,71.8031711133334,46.4761203727853,84.1068689440172,84.2260197892678,84.1581018220136,85.3462410573215,39.4700484084705,52.1860554683015,55.7891964903993,44.4150688205003,64.7268460102592,91.7251772031137,87.6725014912345,92.7323279534216,64.8097603678444,73.9312593663994,55.3416464770719,58.3209609860709,59.8362795808513,62.9293497398837,59.1068455047946,65.0025243786466,73.3726864547321,72.7259261055711,80.0899641100388,82.4694144134263,83.1054459865889,81.7565982224326,87.163281236633,89.5090890349493,95.8904987672081,45.6264331439842,52.6706984296204,80.6446950493698,56.6244917064281,58.009683477647,59.6665614071608,107.70025919557,66.7209897343329,65.6935121111726,65.2377607499203,76.0456282684166,70.0487194407659,73.8268491549086,70.7409971774679,93.1392710200439,76.8687752116873,61.7356794719523,61.2283026396173,64.0167925349896,30.1542490357505,80.6329495106265,82.7891086752352,84.0814254213839,85.1495400745869,64.0899429827244,53.6776697222658,52.9770945433965,86.2176303432216,71.1803844498516,85.6208537971375,60.7029011472141,68.185365638321,69.4472565715326,61.2928399286027,71.3879129735788,72.4245200085484,73.6501449427436,59.5711033303297,65.5505787857421,82.8937978682622,85.4068340433555,68.282991470194,72.1522269009868,73.3765473407312,74.8145945365597,92.8884073100605,63.6426188842938,62.810102830013,65.7161387273022,65.6576778137195,64.6938035757629,62.4664392386832,63.0858423616524,59.0322198900516,61.2135622947294
60.3688568388702,55.305165707493,64.0462871955784,64.4376509525553,56.8521296424323,48.3614640086934,58.2760248348509,95.7705234021151,49.7941529562927,0,57.48501948025,74.9502915980037,79.213653556557,52.6849028539261,60.2385821558384,44.5707629414232,55.4447290509836,72.6067585565519,51.6469127934552,85.7043128152916,85.1583981588311,58.7473010862302,58.2126743399189,58.3262928863077,63.0976304355105,63.119240909878,63.1572084331628,73.6119174211691,72.3521952487925,63.3028720300803,50.5841127188101,49.6136028547121,50.2179824832124,62.7865907644384,77.5321661910911,79.2136775401944,63.3112356714945,87.989227659131,79.3601448258071,78.3820310063208,69.5793265542526,67.0106131378055,76.538011927682,77.6395504090275,76.2910745834023,40.8132257590891,80.8398226666887,81.0097931250479,80.9165037613994,82.065822336463,51.4246913740926,60.0937642058177,62.8143012920014,52.8232644986076,70.1209150321073,88.5340528739007,84.4316833314917,89.5279441507161,70.1381682934308,77.2456781765645,51.8599521898584,63.8303102154125,65.2723397622586,69.085285640702,65.5478935361848,58.7977732692301,71.1065365524715,70.446023224609,77.1281554324127,79.6623297176071,80.0893412635681,78.7445403082964,84.1059767729749,86.431996829926,93.9095524263822,56.2562448466749,59.8201309229187,77.3185783603775,62.0598622726545,64.5933755007119,66.0970762268293,106.128254005449,63.7367823642619,62.512778586763,62.0741951880699,78.6534973427536,70.4234896212202,75.2497689959009,71.1634761206892,94.3807796510197,78.1595116742286,56.9972798071333,56.4304222712371,69.2717256915209,51.3918683693352,77.6541164957325,79.9288433203698,80.6872976429739,84.023858208086,63.2485128235084,60.7891752831291,59.8627504756502,84.0732918624712,69.1402125055161,84.1206870775289,56.5425525488751,68.9644623057101,69.7752996030921,66.6297081679419,75.7339955412018,77.597619284316,76.6444997783921,51.4741735792835,69.783030241924,79.5286965652504,81.827942764956,73.0854860574634,75.2009388770071,76.882623224104,77.9209785235071,89.7537031748027,66.1074897695601,59.4364637001515,61.2470974349744,61.3151853865585,60.2646702254367,55.4598665012036,55.9131175077908,50.6174920185467,53.4713349570177
65.1198154826215,60.875181681746,67.7853107349799,68.3070630606239,61.8499158947788,53.2687371298648,62.8247799065814,106.091765073343,52.1141023906569,57.48501948025,0,84.8034787325409,73.4495875508683,42.6158138582977,36.7358135363399,55.2769616175305,33.3759242598832,80.9892721354495,43.9942753310687,70.4877663578447,70.0307248583107,54.365286592347,55.0921142717882,54.4167730517806,51.4151357345553,51.9446640133424,52.476579314622,83.5080421503679,82.3050437425254,59.8329687419999,62.5898040753717,61.2253977904261,62.1356442682673,73.468481007666,71.9373930203036,90.0940829375147,73.6436875792509,96.233800849195,73.7417977260433,72.773430102122,73.3208624605255,70.865078990733,75.3696994653846,74.9828299413825,75.6016905910175,57.3969349430677,91.2535688239691,91.3744016641222,91.305680363446,92.4911952804514,55.382355077862,55.5497751821798,53.1357086429889,57.0274428192304,67.3105136134151,98.8707495550208,94.8174437589457,99.8772954911507,67.555976959206,79.131287878554,63.9479700430086,46.6678589478409,49.0479010197068,60.6569933887671,54.9903767621797,71.9241075182777,80.5638288332579,79.9252714687842,87.2514670489411,89.6275083715992,90.2602676751594,88.9136116918008,94.3139659042102,96.658554944448,103.027221209883,50.3825761261283,58.3476461985125,87.7949228642195,42.6296203752094,53.9624220722736,56.5958105583388,114.808842048903,74.0734457601833,73.0843011762224,72.6518334265296,81.7938941896405,76.8552233434834,80.239177654138,77.5238799772383,99.612516972703,83.3272431665798,69.237487695958,68.7709331320981,67.1151359136451,52.5986401214104,87.792844997472,89.9464117411354,91.2226111956323,92.212309989371,71.4432060608307,58.2121550760612,58.9056350510085,93.3625743486728,78.389668725281,92.7236415966816,68.3856819948501,74.9120624840003,76.278023002885,64.9754127026518,75.4150409024849,74.8073924420282,79.120829544519,66.4770224211353,70.105116632265,90.0379513261566,92.5359479279033,71.7203896938085,77.5925910128188,78.3998027206836,80.1886921741661,100.035736933341,69.9070559750428,70.3685556961261,72.9840252158304,72.9463246986923,72.0209122469719,69.3335579559257,69.8157197194819,65.9319342669043,67.9499823042605
72.4457449207558,73.2859193217206,74.343101879785,74.1625668784083,73.2811110279206,76.8428343823943,73.369039816314,67.8599911487319,77.6326931830796,74.9502915980037,84.8034787325409,0,98.8273609032289,82.2922069759138,86.7896709768113,75.4196499008229,83.5809811401138,58.1410227020243,81.5794058473062,112.306570304136,111.91560599494,81.0825191494599,80.2487971991178,80.6910420397893,86.7855300483821,86.6264576561974,86.4794195110357,32.554059528083,40.0564776035652,82.9332874291801,69.7532426304217,70.9845369321234,70.1644813389942,58.5662404751683,97.0334069842635,61.3457128175767,57.7941797335719,73.1460716020114,98.8635355351668,97.885217120245,77.1943675779022,75.2236352308791,91.9180226005034,94.6303423898904,91.0868941969784,74.0212752391585,54.348502747916,53.5231894478511,53.9262908048056,55.8200219823688,76.2380357693683,81.7705879599028,85.8212260077557,75.5904078913872,87.6887912720103,60.8301649826904,57.490817943623,62.054634807582,87.4881511111386,88.1474008165963,68.514748030986,89.3666117172225,90.6322761534991,90.721375069393,88.5279831451074,67.4067038840823,46.7503294696516,47.657874667807,42.8894614867874,44.5711872706395,48.5368501034317,46.6055260054164,54.0731981836771,56.8679721379537,68.3549847181173,80.8016220006964,79.7517013206557,52.4001669847996,88.0631429299591,87.6999784698779,88.5390484095752,86.4532093554634,57.2771970993385,58.7791390354255,59.2597458765471,87.0061893088195,68.8507983423626,78.7519704718697,69.7159830585696,96.9311763797529,80.9829794570993,64.4377275449325,64.8262423536176,86.3176366674278,77.7592728554005,44.1872173489577,45.7012242386884,56.6242135728513,69.7607527004435,62.3388756412845,80.9249472018531,79.3735460196996,56.000894607589,51.496776879565,65.4256853318053,64.54465199742,69.9986017042767,68.1078394584328,83.689398511336,90.0653163430098,94.7221963823049,86.4239190995158,70.1444024144394,83.7565351618206,55.0234293730779,60.8790009703306,88.8654969050076,85.1891150860626,88.4410904756567,88.091505954413,61.1621623532468,74.9050505954111,62.0081633218351,61.7439612230127,61.4109540920542,62.1493331463764,68.8932197569265,69.7195799259364,70.4826452975253,70.2286820906644
75.0915316213584,74.3023744760646,75.1916840304383,75.7196535277804,74.0823079714371,74.1715657885269,73.936862225474,120.632914948706,73.4843554405944,79.213653556557,73.4495875508683,98.8273609032289,0,75.5637390902252,73.0938887474292,75.7773824949034,74.1471493158413,93.3589586101901,75.4531255581538,97.4780361492381,97.5738622373966,67.5658466014091,68.1523954886611,67.9556864883457,66.3517699581677,65.9133899896925,65.4824399874969,97.5807793924647,96.441783395244,63.7176367436626,79.1468424906446,78.0083006488425,78.7660817990366,88.3858614498388,30.3232812967017,105.256531368105,88.2120080741924,108.422275073068,22.4625568983,24.8786093172776,79.4894590197785,77.5736087355345,69.381151156111,62.8057176732813,71.2180782984827,77.3993659964108,105.897075814494,105.963430371995,105.921946951145,107.147732133015,73.1876253362082,66.3487240241651,64.9753505768519,73.0732941358369,60.2361644051945,113.429050886376,109.430159090607,114.449668762376,60.9891443583267,81.4604687141039,80.2969455249778,72.2488777983041,72.6293424011785,57.7741742345732,64.1006672949013,89.4225027412356,94.1589927413501,93.5478371381869,101.573208535713,103.773384606632,104.634487068247,103.285845978592,108.729257432642,111.094471925099,116.22242804227,69.6980373508679,67.6587918055292,102.507060031388,72.6163897220911,64.6292929863542,62.2371985278303,127.504683434592,88.642780974949,87.8938012107362,87.4698716138798,86.6040423439461,86.8431165126175,88.1586603116792,87.4032777562551,107.867318247463,91.4964208287466,85.5546677988253,85.1565132767533,62.4425249050115,72.6990401040301,102.131572876611,104.150437869399,106.000980138106,104.33509193114,83.8712673664412,66.3689019164783,67.9768724707332,106.752066658063,91.7685520622829,105.330266187651,84.344423814557,84.3160590189896,86.3746546621211,64.2023098630523,72.2264465235885,61.998800019403,82.6738762593749,85.2186316062766,70.0631952975313,104.787151211751,107.506693563746,66.1486382558128,81.011627230609,79.9268531959215,83.3038480200556,114.533301810123,76.7387623488764,85.5382378079993,88.9520326666357,88.8052102193975,87.980921923109,87.4482821741099,88.1357447980572,84.8410920929454,86.6199171738633
63.8873729988747,59.2419731534458,66.8816724252635,67.3740320670883,60.4249707329795,50.0980133978998,61.5673880737171,103.447559366388,49.2937573891368,52.6849028539261,42.6158138582977,82.2922069759138,75.5637390902252,0,47.7651119102315,51.5496255309688,36.7288558669054,78.8758276921443,24.8054191866633,74.4633545754348,73.794744756462,55.4151432316559,55.6902340662861,55.2591971258273,55.7522500816013,56.0521728116629,56.3655475913127,80.9859377181345,79.768586727036,60.9822817810877,59.6898318445532,58.3563979989661,59.2431845019068,70.7652041175479,73.991998102796,87.2908993104832,71.0310767367103,94.1565383300933,75.8058330247573,74.8335109497795,72.4572329378607,69.9591289405432,75.9641442120774,76.0516138366899,76.0472166864892,53.5134073001759,88.5840826363504,88.7187379938342,88.6431121130614,89.8181849227528,53.3704243233621,56.821911804157,56.5777773869472,55.3082488373893,68.3974752692478,96.2222586946976,92.1553268430845,97.2252083463232,68.5693410407949,78.805116633334,61.0375700537658,53.4002052164568,55.1459171405442,63.6989252945225,58.8531172246733,68.5001468347813,78.1634340059749,77.5197071617989,84.6644692875964,87.0835867907038,87.6590688736827,86.3132848328299,91.7018555623805,94.0411150559697,100.714951863902,51.2898287119123,58.6683134090362,85.1089259324375,50.7834499382607,57.8535804510158,60.0349175274879,112.614554957547,71.4572479059085,70.4129057955048,69.9821055575221,81.1078401048607,75.2618913886317,79.0374441715935,75.9500275299599,98.3453200700765,82.0772515414259,66.185951221284,65.705893382261,67.9840541941602,50.5773116858819,85.2013446908637,87.3879115578717,88.5186839211426,90.1500883184617,69.3829292289542,58.9311617208408,59.0878870558083,91.0037756150908,76.0473603261461,90.5502549439665,65.4544326216514,73.4469696973214,74.6653037760126,65.6490104480407,75.7460175439245,75.9194061874139,78.6238532470319,62.7048736958385,70.2204423159667,87.3417557940259,89.7822353766157,72.366922519896,77.1191354641693,78.1810774542544,79.7521543709,97.4026264175669,69.0096236921833,67.6303562053869,69.9959353219825,69.989163494045,69.0423441155283,65.7380434717317,66.1560021244273,62.1101635528307,64.1915847892738
66.7115066174575,62.7363081178764,69.1960665542658,69.7246321868731,63.6008502943614,56.0211907895664,64.481016326658,108.121336854403,54.922483095762,60.2385821558384,36.7358135363399,86.7896709768113,73.0938887474292,47.7651119102315,0,57.9706920215972,42.6276703171492,82.8373562782732,48.8390657973971,67.8908004201371,67.626676101866,55.502651955197,56.3892603458245,55.6638384167581,50.0881286115358,50.803836118327,51.4979929219189,85.4983008194488,84.3006411740708,60.4181730954359,64.8057644821142,63.4645077586912,64.3591619804115,75.53014954721,71.6296891718873,92.1756920592223,75.6754220891988,98.0673788993784,73.422890048175,72.4593905494864,74.6768451001767,72.2499811003131,75.9970558051223,75.3351172087528,76.3107250812709,60.0025586975689,93.291718222994,93.4079863958046,93.3415473130721,94.5304346933527,57.6711786996671,56.4106921006098,52.5512435933817,59.1084456966387,67.7017711679081,100.901757913958,96.8530104820399,101.909482276463,67.9890496496375,80.2327559355928,66.1425499992146,40.8209189165813,44.1660576284776,59.6921564735167,53.5854676213337,74.2032313156474,82.5138865841684,81.8775630235714,89.2626488100913,91.6239691146873,92.2758550863928,90.9290302721991,96.332996782149,98.6793136812558,104.944271867152,52.2656152598672,59.4995438515537,89.8388334653983,33.3818292508842,52.6826690822568,55.5027408622296,116.684382669829,76.1052960882775,75.1367251803587,74.7049971232269,83.0624646956932,78.5088894759742,81.7329262843569,79.1692910470544,101.132553975148,84.8404801214094,71.4219071894925,70.9618655025394,67.6406611457147,55.1663316055043,89.805452587745,91.947743164969,93.2720596888665,94.0404637075203,73.2901427355544,59.1587453206963,60.0915726333035,95.2958148266759,80.3213026159171,94.5917776486149,70.5397808217616,76.5175902252746,77.9399549275025,65.6529450578442,76.186179130349,75.1336784142594,80.3029556185184,68.8694405465657,71.0113034266118,92.0849596146687,94.6015024055295,72.3312254258628,78.7645554135599,79.449639692922,81.3421582132301,102.061658679218,71.2945519966493,72.4523959018231,75.1354615667019,75.0885367424915,74.1722394482952,71.6666348786876,72.1636322418216,68.3401506241525,70.3304167411736
57.2856608125415,50.6805967281001,61.204902113109,61.6821199982276,52.7230600197152,36.6713927401416,54.5058070769159,96.6043921939696,40.8227897613401,44.5707629414232,55.2769616175305,75.4196499008229,75.7773824949034,51.5496255309688,57.9706920215972,0,53.4531341038927,72.1245083571485,50.3460315614975,84.0816729225399,83.6304555059423,54.0351271865179,53.2810482412238,53.4825460339922,59.7015630264687,59.6669758837692,59.6529974417652,74.10214179289,72.8709413730299,59.2892627869758,49.5134514629039,47.0558561182831,48.7248796800292,63.5749842370254,74.086481212532,80.4801500870642,63.8464733696151,87.4544420281389,75.9202501537634,74.9395124310911,67.0825538641938,64.4489918514274,73.2086876952411,74.2105571992719,73.0090896218389,36.674401766328,81.7377940355489,81.8707584911566,81.7959210647859,82.9743599035499,42.5906060418339,55.6502195570725,59.1725231696489,45.5498381322257,66.5717134667019,89.3790483121345,85.3122237605395,90.3827009934072,66.5989610015745,74.3627891137276,51.7101914002474,61.3281052225046,62.7803808134574,65.6868200801922,62.2007042108441,61.9353864099775,71.2693360564751,70.6135016560323,77.80089690695,80.2277873265753,80.8046982197344,79.4556510338284,84.8530866505835,87.1938730998012,93.9036404839139,51.2585978168328,55.2463043703858,78.2560695918807,59.6603262540155,61.1933500321713,62.6715002139299,105.849897594661,64.3012206290789,63.189057680143,62.7224928331522,76.0649636936429,68.9401477768398,73.2172340380616,69.6576779760461,92.4459169651165,76.1975173538733,58.6921893036364,58.1373046734856,65.7246794508278,43.2267772068785,78.3399112295232,80.5324130941392,81.6786397045263,83.4566566836923,62.3259818348729,56.4002586861375,55.3214010408243,84.1779882059343,69.1328016706094,83.7949626438883,57.6914139386841,67.2423998432678,68.3133823378105,62.9787467203647,72.4914098111387,74.1623190521074,73.8900870488255,56.0763108014755,66.5215341958278,80.4976235887687,82.9576240393459,69.6994567287741,72.4214814207544,73.925778419131,75.1219532370186,90.557680372916,63.4727020600593,60.1294077829623,62.9156205313167,62.8798712556251,61.8644625066457,59.2303615610361,59.8826561989378,55.4788882113288,57.881854654943
64.3387073875378,59.8923258504658,67.1500336735894,67.6623101917095,60.9604162438826,51.5132560867482,62.012198709753,104.822815477721,50.3951954893723,55.4447290509836,33.3759242598832,83.5809811401138,74.1471493158413,36.7288558669054,42.6276703171492,53.4531341038927,0,79.9096522233123,38.8131591900078,72.2184526433246,71.6581867049242,54.3523499236363,54.8928603861281,54.306227729986,53.1083537248387,53.5158619290634,53.9343492453367,82.2815106981649,81.073189730341,60.0087788363487,61.1804879680937,59.8103361305322,60.7239587922,72.1727699718005,72.605720031798,88.7695115620834,72.3798848299325,95.1680363452156,74.4154779364096,73.444832043376,72.7151973344958,70.2388042738535,75.3725421730162,75.1948933505911,75.5401475114686,55.5974572519376,89.9756307907997,90.1013189106158,90.0301713288016,91.2120543962065,54.1179295865579,55.6874449885011,54.3523067511535,55.9271267597866,67.5181061867409,97.600284656512,93.5421649788166,98.6055717692544,67.7311171076517,78.7454878816863,62.5473892111035,49.8413444491998,51.8633559298684,61.7870492104353,56.500381262451,70.3849089571746,79.3800702093191,78.7394537408805,86.002375458752,88.393780763613,89.0063213463553,87.6599155506518,93.05626220863,95.3989944229593,101.876217021329,50.070278716907,58.1167905881894,86.5110383139998,46.6601086932903,55.4659785501888,57.8946765970407,113.700454300969,72.8088864289761,71.7991994845397,71.3667034906897,81.2621053735982,75.9685295769048,79.5032955068189,76.6448143179472,98.8515984180658,82.5728617157485,67.8152715814329,67.3429240483531,67.2238691912762,51.1882012692284,86.5422004870268,88.7075367849536,89.9326107451968,91.1520375173423,70.3750779922736,58.158406479601,58.625520214647,92.1948448470379,77.2259832404747,91.6228263427059,67.0012588518615,74.0730683398474,75.3837152165569,64.9865897625379,75.3041836129323,75.0387740183037,78.6652742866016,64.8157606881614,69.8958347378998,88.7506129053538,91.2286194466663,71.7424422562,77.1463198254896,78.0581859823425,79.7578591179226,98.7706778413018,69.2818394992561,69.0554323297377,71.5901485660469,71.5628492013469,70.6288894028822,67.7352450700339,68.1980713528044,64.2534277597185,66.2975215105795
66.1018769076636,68.5189551960099,66.8585466240151,66.4638242173075,68.1236208447972,73.2083659040327,67.811194241811,83.4891185267703,73.8852534289903,72.6067585565519,80.9892721354495,58.1410227020243,93.3589586101901,78.8758276921443,82.8373562782732,72.1245083571485,79.9096522233123,0,78.1873310726491,108.400701266165,108.045344711372,76.3574041590375,75.4965874158995,75.9845329729758,82.2471585478826,82.0516780881239,81.86735382121,57.698479598599,57.5507366633739,77.5888101077913,66.8554889996692,67.7957736426973,67.1644520514959,60.1528464859449,91.5394362748301,72.6377466985725,58.6738483968001,53.5466409194985,93.3689559336472,92.3911003673238,68.2113617985965,66.6885619519791,85.3758323302742,88.5185203597006,84.3807871989842,71.1297590864185,69.7039139451772,69.349098578286,69.5196880588422,71.0070046553041,72.201806138667,76.895572474669,81.1485598572724,71.3245473927609,81.7627042300514,76.4341853026545,72.899439873717,77.5585155595661,81.5086181972695,80.2214606518678,65.9595337411526,85.2110267819963,86.4414546548945,85.7292481636312,83.8355555654985,69.2164772920377,51.1815910399589,51.422172950618,63.1029257333969,63.5574016844531,66.3486394899275,65.0747362332345,70.6432836739987,73.1459865056458,66.4019172275294,76.4833519496867,74.5982813702258,67.0382430450937,84.002448181429,83.0374228638591,83.7317096673455,73.2493226944,58.605278220734,59.7504049936113,59.8501705310638,78.1365815742203,55.2073155343685,67.7555294741407,56.0482810875013,85.3848306081848,69.603212145207,64.60163117596,64.7618322537985,80.2743189122057,73.8187951102351,63.743238712186,64.4282847085541,70.7997641797031,49.6180072081158,54.9823673138163,75.7599500247678,74.1504484476342,58.977161848626,49.1601499133815,50.393379132438,63.8134585846496,58.1431965020682,54.5310485431673,77.7011740796487,83.2273803141063,88.6450473993836,78.1004687417582,69.9563060705827,76.8864008651671,69.4317339971612,73.5854722896282,82.4522973394907,76.9501499999941,80.7389179913383,79.9054934677958,77.0582472162306,66.6774730342512,61.4783312834079,64.189033048794,63.7668479481443,63.8954192218889,69.673988355866,70.5944718003544,70.1268323411081,70.504139724028
