0,115.893961078267,56.6222160264294,59.24408147004,256.244439627537,507.4054069909,118.912739875569,230.400570008496,537.928844817788,872.831064119943,297.897750546913,428.54702781017,132.17685320862,471.833507097051,224.108751762646,736.885341479242,347.519043789594,334.277889211873,453.635920689955,147.464622888939,147.543769925196,103.503444008271,135.460159953646,94.579586292816,96.009854854383,94.2834484065265,93.5080026909071,513.239052857454,1165.82303427824,265.726580695501,775.146919853115,1236.86752527823,798.004587557699,1126.894395248,170.527127094388,303.811879051161,509.343515014076,293.294325188217,123.22522929597,135.136872065008,63.8204158625391,60.4611502876078,101.291739011132,102.172892055669,121.658405434684,695.16649790064,350.409248047769,218.616990142058,308.655818025598,205.5388492136,140.661401114245,175.400130869302,96.8317637240361,86.713055321534,523.434266848722,200.93588055814,201.020957635527,206.122619733037,413.175918967792,73.8646820982212,632.225908218705,98.9347160070924,114.45765320332,113.916039707549,122.425615491073,239.43273277097,210.330099384524,176.593501543974,275.553503615937,210.194090212644,205.606572001636,214.636909584963,194.980250703308,195.486410736652,184.272972663019,88.1539702337055,164.306851089882,215.884107173662,99.0049467423479,102.825014212121,160.612021609326,552.060193343242,502.370356928404,485.955218928859,568.857847053579,68.1977243965002,176.394854968804,64.4233451422334,158.466754366906,87.7497601030792,66.1734409071376,693.976331513937,593.78987709821,154.805699319506,260.747073310008,223.169110016804,205.587363148791,263.247311820668,179.869671208694,173.5881014689,146.376733009138,137.919952362848,223.801498927555,152.291961796201,184.40718682148,909.014327310817,70.4662674909079,160.522287179193,222.15774249116,80.1200233620139,101.771533916458,67.9889684885482,419.272220773665,81.6964229399892,239.076981909469,254.007897407818,296.97206450829,69.4505948534038,72.7161767509179,70.0162102570999,200.207296645907,59.0211920298396,337.996937395062,414.11541561045,431.697430351099,445.12909069172,513.812265608799,511.42855302712,292.924937683288,722.323300842918
115.893961078267,0,128.926140849512,127.460428674482,224.663272976218,480.037289468818,181.233588322036,236.36071311031,510.520156043522,851.709350188123,276.030806723372,432.468804264304,138.407404197237,450.767396691149,201.955048451342,711.997379277578,325.88741340769,357.032504884478,432.515198023547,126.599641911487,126.663120012149,77.2363304454873,109.390408644378,67.9808752368929,73.9273738410896,72.2826987463191,71.6236227716569,516.053308348586,1167.83507077448,254.154093138316,752.530220836839,1210.3714184757,773.761727076415,1117.87153148101,177.407406199213,308.451203331675,500.253122220729,322.219403714466,130.401294238878,142.200275927856,111.512582322364,112.765618020111,133.066790849206,125.550409190345,156.518561885806,671.405930370494,356.036044049834,224.302204758216,314.318513036918,211.302362545067,108.672273805999,156.77168395302,75.2016935820383,52.135469920614,541.688433335076,206.88732791636,206.878496814345,212.034936651412,433.225454230121,116.425651720245,611.482826846539,76.997999748507,93.172101673913,101.640779568484,102.645755611979,229.160091318148,210.078733721757,175.678079362566,281.139825097488,216.691750046069,211.603557981335,220.477892250123,201.122553002625,201.628857003109,199.324779208926,61.9050599438963,154.756190990535,220.89596614917,76.8435166608195,81.8800803450569,142.848411407221,571.618958772778,493.889663356226,476.174955668104,558.541667455253,113.433309175181,219.905108568509,110.756149726381,201.17094884673,133.534546819963,112.225204733986,680.499150773738,579.979115570722,178.562902928118,231.792264686127,228.797000759775,212.002784021881,268.610741879967,212.417393592636,165.123734083306,133.035588557746,132.145214953204,235.826006971185,150.211233930235,205.154127890757,895.398875287185,116.706398125653,204.322991923669,243.433057200583,117.151514034432,124.822338352646,111.837914690003,403.333100550629,120.403275461255,244.266987443281,259.056454905805,327.24237067253,112.924690903655,114.072187279134,113.209747138486,206.279684555953,113.453287934959,325.711023010761,404.755579683544,422.319901031631,435.378370667152,501.729989599191,499.747289677102,276.645782599571,708.757998545331
56.6222160264294,128.926140849512,0,29.9973175067589,272.833441332111,518.379906523312,148.687076336836,235.942700344372,548.933038604959,882.90354524469,308.128649343833,434.684652163868,136.987042748012,481.925661846923,234.392899935105,747.480094544007,357.708644257436,336.470470956639,463.734756961847,157.521609843981,157.603805947699,114.514882547455,146.582319074327,105.630761544866,106.321019642733,104.591065488025,103.806246941465,519.654497525579,1172.39879858283,275.42478260494,785.583414717834,1247.72668154152,808.635577447943,1135.4291085096,175.214489622185,309.594086731409,517.925719155715,294.060224920046,127.847002438564,139.783492576235,59.8633658603494,54.454171419186,100.810527556756,103.554593543004,120.494354045958,705.594280073438,356.015810952804,224.212920845483,314.255800814547,211.118251221945,152.233335866449,185.914613325708,107.115540545379,98.5180491397212,526.800094517739,206.479787808225,206.582518912935,211.673692434184,416.290791624506,70.9493585746734,642.425533821224,109.182793686702,124.589388634035,122.41448258006,132.331727623803,247.796218999666,217.598545975985,184.027637612674,281.180498812357,215.638690139729,211.144919336791,220.206732336228,200.489026255504,200.994926115405,187.971601702438,99.0903592258456,176.397596126334,221.608161219449,109.292096414049,112.955898929104,170.185501469788,554.820234152355,510.84625434841,494.648622629123,577.642730275004,64.8791840142991,174.123497319108,61.2422962540222,156.288837322238,84.7117023923877,63.0700233284864,703.057932629521,602.920839115564,157.941451682736,271.997778094124,228.784025550166,211.047186631682,268.901053020133,179.861832242308,182.92535687278,157.407331738407,150.637996859335,228.125666898242,160.032755450848,186.916613111002,918.236425717589,67.5957062722758,158.250055672732,226.49309505019,78.478735412184,103.220159146782,64.8596985379041,428.576609864846,79.7219787110308,244.766138852379,259.717104317821,296.94463139743,66.3633940633515,70.0416911551541,66.997034910049,205.728770449171,50.5545257970447,347.114581830855,422.518029330557,440.107786619427,453.608099300299,522.475373978958,520.019744443342,302.282072053055,731.229815501054
59.24408147004,127.460428674482,29.9973175067589,0,272.057659121077,516.498531918865,150.414262579632,232.786002608354,547.060531113394,880.815040279417,306.084638231528,431.671033447989,133.681768417009,479.848160485235,232.362109727167,745.508767327272,355.654720500692,332.520842021446,461.65834396263,155.437696575056,155.520537665693,112.6525806047,144.749572545917,103.777006331015,104.29868913746,102.568316506264,101.781741572176,516.707276931997,1169.48941782831,273.310927040869,783.558947086737,1245.79937143524,806.654804009577,1132.97535588158,171.880767866446,306.494071897135,515.483253942366,289.769218080079,124.497614669442,136.440034066183,54.3881649779497,48.3028029369677,96.255304984159,99.4464578610315,115.775636498403,703.5810645628,352.874357502343,221.068957417945,311.112793586264,207.970366558921,150.487528041469,183.964565164013,105.088778401332,96.8201993999586,523.213176387093,203.323511287229,203.430415827387,208.519108414959,412.65231360086,65.7900515019713,640.348319145653,107.144138478786,122.52370054569,119.972522345142,130.216232379799,245.305394493435,214.856144222636,181.3248582345,278.044003175215,212.458969819764,207.987354501731,217.056628103653,197.324450245057,197.830286558092,184.377618538009,97.2086618903554,174.895571421646,218.494488285389,107.262460223797,110.892806768447,167.994407200734,551.003350270523,508.379365772123,492.231548640022,575.246613081375,59.5988576465657,169.117165307517,55.996648135341,151.298416779146,79.5022674122157,57.8443336135721,700.730230406707,600.60449946381,154.355467081642,270.18351064663,225.644629546744,207.871062360791,265.770731610258,175.386827523411,180.680936759219,155.619439411324,149.313307486449,224.680183986156,157.403522407066,183.040175078776,915.94022280881,62.4452301574073,153.24847882973,223.222498761202,73.6464007757508,99.1277805883786,59.6375275753304,426.306276948552,74.8160648546516,241.644208407613,256.599865543379,292.506260983173,61.1555432354203,64.9490780867933,61.8069595707741,202.567192737259,43.5422825070671,344.794504361337,420.033439703566,437.624975583493,451.141198467768,520.055044440822,517.582866132838,300.024227418391,728.866722400326
256.244439627537,224.663272976218,272.833441332111,272.057659121077,0,641.221629276306,308.965939994694,391.449947841699,671.668254311014,1011.64581884495,435.982511568353,587.888605746257,293.258129359208,610.58913330324,361.947356617014,872.745456885562,485.80022923403,509.212779685901,592.354523817487,286.359100514096,286.426302424466,237.982818586943,270.004168595155,228.800692387203,233.870227100692,232.203228599916,231.515204563483,671.658277865294,1323.57934157466,411.406785468859,912.866437842916,1371.59480090639,934.45564776384,1275.56971844685,332.139552827053,463.772149777745,657.95895742613,473.351628813577,285.084408245078,296.902135357685,259.413336919635,259.93765736054,283.481326503039,277.369066875102,306.41580743179,831.980028323111,511.183320759077,379.439233734916,469.459497665911,366.425916278506,270.813733203685,315.555303055911,235.026502580218,214.952385549042,693.991790885752,361.978065679445,361.985641036022,367.132532192637,585.167668847439,265.099841293128,771.42125763104,236.942798380452,252.997126864323,259.769573737754,262.15152310717,387.110036535353,366.185657419657,331.896052531273,436.292654189849,371.686663958885,366.685993724498,375.587332274101,356.179862824954,356.68616859143,352.841834207411,222.696178627165,309.78209236221,376.150486621661,236.830643332156,241.594974736629,301.957079751515,724.359611101299,651.486930703357,634.004833197058,716.467286869222,261.712689205936,368.539314911467,258.896384584632,349.940395342514,281.769097568706,260.413937409608,839.033726236653,738.57634967653,329.527612167622,393.20600547061,383.943077552952,367.012094652031,423.804302366459,362.927797318368,322.606547191991,289.920401404636,285.621897627625,389.865150086037,306.622009197172,357.690471762894,1053.94211223569,264.874918975475,352.909312694485,394.519838732085,266.682123291267,276.698026320622,260.320540919597,562.307520062798,269.631392160263,399.490536137113,414.305450312747,477.85444470689,261.461282098896,262.928573683371,261.790086902121,361.349259549566,260.279743376495,483.989372348367,562.535147722425,580.102181158809,593.22727988091,660.003896089845,657.946689251446,435.681502794855,867.298561048927
507.4054069909,480.037289468818,518.379906523312,516.498531918865,641.221629276306,0,575.505325504071,617.593927182355,557.940082488435,1172.71682207372,640.440537313383,817.614404808939,515.88732119803,805.38451947429,569.95191663389,893.037234526443,688.065481283408,745.210594942158,782.334742997577,491.57529406372,491.388396711874,451.581433201957,484.527470795974,442.504845950277,445.551512240126,444.038653108319,443.482527559902,902.170838614654,1553.64490349285,630.100771942092,1095.33080381714,1524.37551888834,1108.94374267919,1493.95455676172,555.066222744449,688.515580592216,877.292529725481,708.499705113287,508.111986740725,519.890789733663,498.334924444377,500.121945248697,516.511535797829,507.137283919413,540.64813999574,957.919563250091,737.073480472048,605.390910771459,695.386257705299,592.401078263486,484.12927083204,531.454492728274,447.273641897367,437.097960495937,922.776043887535,588.117903598382,588.041038814744,593.232236547443,814.767828010738,502.210890895748,960.577215872335,446.485698959004,461.920223625655,474.795148095082,474.381427462067,592.542510814967,600.968096442633,567.122696977946,662.475333691558,598.404259992585,592.944211567802,601.760585119583,582.510689150539,583.011112613239,583.738301862445,435.286280438859,534.799542163819,601.537677326779,446.481940354564,453.676324227747,515.151815893328,956.986131694912,871.442170807434,852.393879519409,934.264370137431,499.855764388168,607.037244628591,497.668986121779,588.244031618358,520.461625020525,499.147174535077,1043.45445364781,942.122494193972,561.378724551413,560.734068466767,610.05408725405,593.649752274829,649.397427660224,598.99241413099,562.268562238837,510.412526541466,513.907999990258,619.476850263291,543.017251607184,590.693972732508,1262.77293019653,503.789896791093,591.506318055443,626.13557971012,501.76591056691,506.333136041591,497.921716609871,756.349162622981,505.412142564881,625.001028675165,639.518746436817,710.430777586332,498.914670469344,499.591758059745,499.141909868681,587.605705884029,501.017633855188,699.542031388225,774.697386792469,792.385893056966,805.120301276938,862.215638673821,861.034783165098,628.879369065792,1066.61883726004
118.912739875569,181.233588322036,148.687076336836,150.414262579632,308.965939994694,575.505325504071,0,306.995878034598,605.917211148709,942.301845474447,366.786797422325,504.83108776097,207.371328177389,540.978325182345,292.886063373388,805.664837619214,416.480144173047,414.8137423995,522.79253577663,216.558866245236,216.638025450857,171.330067594383,203.135760756512,162.358090332759,164.703737866144,162.979510675107,162.213595637423,589.314182159807,1241.71421045575,335.108036206123,845.256157633791,1306.07794413755,867.771668529999,1200.14975930122,245.866462051332,380.075159845019,582.620699224621,375.121561167936,198.641821122687,210.524196002707,149.743773496652,147.631728465483,182.706203982364,181.411122742308,203.868755019833,764.375680344169,426.924505369094,295.146907084571,385.180038673986,282.086205176665,207.838374070456,243.770686291024,165.550975874068,153.623485615094,600.442380653548,277.529192229359,277.591218854875,282.70613764608,490.497217656936,158.238041934478,702.718208320262,167.734936741539,183.40780452063,184.75825122418,191.602367345188,311.798362066118,285.894474200249,252.030852212644,352.070576481999,286.924600023643,282.21392306334,291.207983222414,271.621145718648,272.127119301976,262.980804771583,156.082170577888,230.461652420979,292.250546110631,167.756164402932,171.731673254419,230.178329787375,631.793501831351,575.787480371038,559.066247904631,641.844969210168,153.414125370736,261.476958439633,150.077341954701,243.358182907936,173.285567498283,151.767392072885,765.93887815892,665.669267991522,232.20617089503,328.315057457093,299.692543752832,282.297482888764,339.695723623679,262.504741653402,247.55471426299,214.010979706734,203.183290039898,301.816278693092,227.518214682899,264.408105055468,981.111751659426,156.153157810975,245.677756389041,298.21431291342,162.884030111878,180.930962842764,152.763164196367,490.194515550201,164.83705787555,315.485677648474,330.375386892788,377.863307577194,154.102173645469,156.724854331785,154.587123493863,276.830597886751,146.723860840322,410.529827131941,487.05267142849,504.636994894068,517.985905653276,585.701730350291,583.400369368657,363.751513853698,793.822740326531
230.400570008496,236.36071311031,235.942700344372,232.786002608354,391.449947841699,617.593927182355,306.995878034598,0,650.702702931344,963.026534299399,408.711655788912,353.03997690829,260.976600977951,576.358084108707,338.40620482619,836.998729216225,456.731740950245,390.630652936369,556.895870638309,258.618543433128,258.423858319073,222.803423648248,255.390250429557,213.891918462973,214.030283589325,212.454014756135,211.806063610125,456.740918398136,1113.01149939714,390.754238271985,848.179216985715,1324.77060303006,876.874836356433,1141.82804835653,299.623802742439,162.342495104394,528.005056856734,340.126110473191,252.419757505208,264.293603253343,207.869974795982,211.258742818186,240.312128259846,238.049299816865,261.846434191064,786.248048768166,201.733480065548,70.0240307294064,159.920244732905,53.2687782241934,260.140903996628,297.350790823796,215.399414270932,206.548708508033,658.808079513991,43.8891325936865,47.3100345097015,47.2989852326885,549.42376042722,216.278593406431,698.561992355495,214.753683111269,229.587950048602,235.183905267201,240.954428985556,242.057900130877,225.768566571618,199.687655547716,136.51712067894,69.6413458071013,58.8890713838295,69.7766113453166,44.4875425159819,43.4099514058957,133.617053579701,206.953746875339,295.037657695361,76.1832587502378,214.956449614723,221.222001609541,280.084278502298,539.907341099181,517.813156909206,507.356189749239,592.918758634489,210.10892258294,302.785449542352,202.814892618421,281.147077826346,223.83694647242,203.376701570271,725.515657932876,627.317549033724,293.699212824109,379.207354742968,81.9970202842567,63.5954283821937,115.213597851591,248.372051356958,248.510813169485,272.817221215386,271.943754252963,144.869366270268,191.684832193046,180.851205227477,945.695129008619,207.484781019035,288.506958557797,361.113190450174,221.149586619798,237.516639799815,210.286521189849,469.589116740493,223.504513741897,96.2288488680987,108.310711981923,435.653078001909,211.895625475995,215.026912876055,212.365444458222,43.3127821200785,213.157379603604,371.546983976186,416.861535089229,434.867098994405,451.327576595264,532.15273702447,526.626764144958,346.10552343118,753.341591910217
537.928844817788,510.520156043522,548.933038604959,547.060531113394,671.668254311014,557.940082488435,605.917211148709,650.702702931344,0,1219.14788173544,671.368673306259,850.365370752563,545.825825856876,838.215342071058,600.030162036433,1000.52240965045,719.429586416658,776.770107669877,815.765563828213,522.509478234878,522.382418553474,480.32210957207,513.305686171267,471.2346122891,474.810403672262,473.279323528256,472.713897461313,934.865693766268,1586.44044537482,659.472261195708,1144.06063339421,1585.30894698369,1161.14269321007,1529.52753354928,585.010300026037,721.814343381265,912.788116615273,740.016514840738,538.063487797356,549.839532339538,528.935145644779,530.714687977424,546.835536391569,537.325151549253,571.021759947006,1022.43849844593,770.221113102396,638.530096832291,728.528809755798,625.534388771465,514.769485609202,560.617666104212,476.488998764888,466.736661373689,952.831097595735,621.227454900745,621.162607336331,626.347222346646,844.851624487685,532.721295364427,1006.29975905775,476.236608239222,491.904853704046,504.437072909062,503.796461480323,628.152504904052,633.220888609627,599.338204229949,695.592849051786,631.434889219951,626.040443927605,634.871179163998,615.59411850697,616.095108485622,616.078388121575,463.915209293593,564.176921669114,634.761531992201,476.175436873908,482.993609947237,544.601404413711,989.01768613968,906.744182193823,888.140949663504,970.192703715169,530.435281013665,637.833190936877,528.331133893222,619.071975850906,551.147286328791,529.821591943638,1081.94871937725,980.881183414204,591.501093716697,571.43144472852,643.178443085081,626.691635922526,682.584800678083,630.317058893551,594.056632758513,539.699911802143,543.383766107137,652.03860555657,575.107416736131,622.653498651772,1300.88914973408,534.479680044665,622.290204482857,656.193672330481,532.174031565159,536.515982557279,528.463312770659,794.698106528657,535.84437478163,658.204730825991,672.755241824693,740.724846772588,529.445285238363,530.076525469436,529.667762392196,620.699134038807,531.601577652171,736.175250902044,810.72638233898,828.417746650057,841.297469608613,898.418806326906,896.854052296564,667.375242370415,1103.40336782663
872.831064119943,851.709350188123,882.90354524469,880.815040279417,1011.64581884495,1172.71682207372,942.301845474447,963.026534299399,1219.14788173544,0,989.809395057744,1167.42210534917,879.082638719951,1139.59859340643,927.149673780902,1321.41449292252,1033.81804524373,1103.53980751848,1113.59936630048,840.90819160798,840.152250829528,822.76321654095,856.232911655642,813.992085437862,810.571471481387,809.269173519618,808.842936863,1252.92552356307,1903.86981789704,996.8846740442,1423.6661022979,1871.33797266435,1443.80885630846,1831.54471015503,918.316251648404,1032.1488129363,1216.18671846416,1066.05439983642,871.334113809212,883.122795457126,861.592726686661,863.626997810707,880.023243900996,870.673144937578,904.155090198157,1200.08204579959,1082.1795310631,950.575855916432,1040.53925369769,937.616474794764,862.717377902364,899.228025527109,812.881780240489,811.702012428963,1287.05623930084,933.545142512168,933.35960422355,938.607839929557,1179.07669939214,865.58694930071,1283.3080386965,806.781774108867,820.138349280285,837.87793070468,838.3435583703,911.004186342589,956.853140474292,923.528133481514,1007.94744435488,944.572543131777,938.522490943086,947.228261689206,928.183628926736,928.676589714399,935.441174387097,806.005626569182,904.188736162885,945.998773156327,807.272473680851,818.382119486745,879.187437227623,1311.02120923185,1210.89259561798,1190.3616564894,1271.7005935668,863.078905798469,969.285129382016,860.603791588189,950.276392905819,883.264797974112,862.014037212732,1363.67719039279,1261.39886702779,926.088872541388,976.215889647549,955.438150533796,939.715502861498,994.122328874031,957.835893498005,923.653108745029,878.890354940744,883.437954865591,969.461454244749,900.789220856281,945.246072301304,1590.27529352496,866.63625145963,953.849307064734,991.279183030733,865.274064449398,869.86575315068,861.233159213896,1051.2490230764,868.950156030647,969.620079306271,983.755460200983,1074.0304962079,862.253515944154,863.012708004078,862.48554426319,933.183035151442,864.65208662612,1035.01996419187,1103.42014213809,1121.30228401001,1133.63756867208,1175.08075627613,1175.97215205869,921.488294105956,1373.76482451933
297.897750546913,276.030806723372,308.128649343833,306.084638231528,435.982511568353,640.440537313383,366.786797422325,408.711655788912,671.368673306259,989.809395057744,0,609.511034813301,298.822542794143,572.081733287975,337.998293791298,863.108546377446,439.396769777397,536.063667190585,557.040495202407,258.889775163229,258.334878056288,240.541828170087,274.433145526235,231.907110794094,226.076970937642,224.86304890355,224.509633795613,694.333605283432,1345.94569299315,414.894479189062,922.619438911113,1381.01356144546,944.869442702139,1290.43764648328,338.150258239372,479.542280825637,674.050138109536,498.626347907124,291.206535442761,302.980519697468,287.070412344304,289.062038486443,303.297257018933,292.802629018132,327.849195048579,823.233905138107,528.193353114815,396.514358521273,486.508024798619,383.514722564088,283.891122833058,316.605269987903,228.690245987983,232.872341111976,708.59464939137,379.236264224646,379.156285098328,384.347949782401,600.86388593066,290.375153907103,780.191441207639,221.778819846181,235.807422664951,255.018078098359,254.266032090396,381.029866569564,393.996845757511,360.278606876228,453.654772348803,389.557908300725,384.081830178459,392.904661695299,373.64055387778,374.139617958525,374.637931477474,223.327255183898,323.718693110934,392.658464307239,221.841686920017,234.150442365017,295.526670889006,747.684036484423,667.788619439978,649.599543552645,731.848692970441,288.394081869623,396.21837793342,286.541767544321,377.459008074175,309.379732748358,288.044231488108,843.336195562285,742.554611383606,348.438894572281,399.584523000487,401.216614140747,384.799927309072,440.495652796689,388.889845871949,356.461797222695,297.420007142493,303.556642748107,410.49451394998,336.393091476401,381.327462901632,1063.80459894765,292.773322728077,380.684760054075,413.367125418715,289.263017666593,291.950116777045,286.259825889953,549.501413024687,293.161984631766,416.115422983713,430.582179321771,497.107499325798,287.197158063833,287.603528171315,287.391703637465,378.730354216032,290.029967849072,498.634005591882,569.174574253421,586.951023915485,600.045334613513,651.214107874542,648.933196987874,422.162832728848,856.311381503952
428.54702781017,432.468804264304,434.684652163868,431.671033447989,587.888605746257,817.614404808939,504.83108776097,353.03997690829,850.365370752563,1167.42210534917,609.511034813301,0,460.55864974311,778.475026695886,538.483484064727,1038.87530212654,657.870660313133,589.192410506147,759.248328533767,459.440013767747,459.298928307216,421.518203167946,454.022119397469,412.571900261628,413.374950659751,411.777714738987,411.11642813463,482.134072917331,1237.25712099851,589.840381413458,1051.27865409359,1526.347974253,1079.24477613202,1345.45493071629,499.201998512394,432.626572523475,729.089046279328,550.962794750777,452.001905775306,463.874326878106,407.631478095074,410.787530118715,439.948969799621,437.647921313792,461.496416710059,989.431968763804,472.738081487296,340.602907049463,430.800390884067,328.317297894963,458.226058156953,496.355337763035,414.683513533931,404.304799870299,858.258826165368,323.50451837729,323.714626047825,328.839552999243,748.870211244863,416.002482293486,902.506734743551,414.545770021221,429.575129939383,434.724946867356,440.399798203044,467.019117572774,378.324408193841,357.021641841145,387.099111546828,329.341571613917,326.166583021813,333.885878276323,316.902142250988,317.561620036598,363.528488613002,405.757013751509,493.638312230828,339.108830351564,414.702075601667,420.594816229242,479.521877168697,760.31739528333,718.585260549151,709.336644497962,795.196248258285,409.926073664842,503.372520598572,402.854985966359,482.121000888007,424.022813097368,403.490017490907,936.15974089882,837.700013998961,493.069696633294,577.780478349807,338.858513352178,325.041028174768,387.321763836579,456.005600816247,430.34172865968,471.642096984885,470.442528418798,382.412858829373,360.025064403261,399.541738785767,1151.74837552211,407.465939600952,488.865996836099,560.390519203479,420.807546599709,437.114530210386,410.04862435867,682.033875923054,423.160403623437,362.339184170302,380.302403286811,635.265882381739,411.64063928237,414.726098997146,412.108499254664,322.479007048041,412.582627893123,574.777055559965,633.423802026428,651.110758470982,666.769066459822,753.103379231499,748.64946916079,557.931925283556,971.098057369671
132.17685320862,138.407404197237,136.987042748012,133.681768417009,293.258129359208,515.88732119803,207.371328177389,260.976600977951,545.825825856876,879.082638719951,298.822542794143,460.55864974311,0,473.343567431892,224.493078065737,745.099452352336,348.522049235409,373.187684605577,455.630288090776,146.380297966425,146.585922633005,109.720078913409,142.737690429999,101.109477924134,95.7984405153817,94.0734152208824,93.2464125699821,545.446520821046,1197.69069773603,268.887718269872,793.491097741745,1253.12264077911,815.880658740842,1152.42510916502,97.6102524893778,333.409392635931,535.385133666536,332.965131380459,37.4438649110749,50.6973219946947,108.308167771579,111.79955544386,108.486257494938,88.2886419993529,136.791518313794,705.020772996638,380.792860251905,249.043519387917,339.065145086018,235.990723443893,151.586323042391,178.835211596226,96.5631247053867,99.5543018055098,519.334397122274,231.50823118699,231.531847759133,236.666612955527,412.171035805283,107.29940259179,650.966405649662,98.4408358505897,112.898680466936,93.1860922843208,117.735194980916,255.834438578151,244.076755050288,210.432945479083,306.082404569267,241.169593619508,236.250448842776,245.208093342554,225.688227887015,226.191247991326,219.054299303162,93.6298930520804,181.435072644445,245.895894455314,98.8918883974337,100.739814794724,152.434910295106,588.607341443449,528.68632973764,511.571525273201,594.218843174568,108.154640778605,220.902901116661,108.839552978093,202.509651893094,132.048397189646,110.539102216345,713.598758509701,613.163063317535,167.632318820797,269.141039299147,253.668976520849,236.506049290716,293.426452597911,220.718633822198,208.113254269687,156.155761403851,159.690647813972,257.334451265126,186.469600065922,221.379691882412,930.947554885973,115.849511027573,205.27677692545,237.275385922443,100.938565368523,86.9385695526365,104.507185383024,431.158320661822,107.36844280684,269.18404414663,283.928046643595,302.37059242431,105.030652526163,103.356141448254,104.964884582742,230.863214757523,113.311725434136,362.432039477218,436.039623309954,453.704682133524,467.011017571472,528.560316468962,526.221007651371,304.414264257646,735.718958338798
471.833507097051,450.767396691149,481.925661846923,479.848160485235,610.58913330324,805.38451947429,540.978325182345,576.358084108707,838.215342071058,1139.59859340643,572.081733287975,778.475026695886,473.343567431892,0,514.909688635729,1018.79250183523,608.084537239423,707.834759673143,561.403850851657,427.627612518858,426.732260356603,416.640769580636,450.428375224365,407.9832525077,402.23175935852,401.024819822946,400.666289161183,863.580338660061,1515.04535085427,590.50052270631,1086.63297442214,1545.32507243183,1109.21335320803,1456.47220648313,512.670559325516,646.62115949254,840.486279897134,670.240425954423,465.711807791675,477.491309977496,460.664338804236,462.694891222299,477.29691049864,466.997400516153,501.778080928045,979.091903980488,695.737677304763,564.083492924471,654.067098977185,551.092861892693,459.345417474867,492.490230087088,404.837969091572,408.301589884122,883.026740929094,546.881036078535,546.76680093285,551.976371106015,775.252749761244,464.102016366025,943.804083139162,396.676715179355,409.457715475691,429.999623768575,429.902479769763,540.042302201039,564.755793880726,531.187135102635,621.312724478825,557.436114748576,551.774579863646,560.56255995434,541.363039934344,541.85972593898,544.303221072154,399.560333260207,499.1917697934,560.002005898053,397.247077205449,410.074938559441,471.021382401768,918.113355875874,834.324858694338,815.837355296943,897.989443919565,462.011293267687,569.433779722376,460.015457438049,550.602742802614,482.806020426725,461.493317574023,1005.61500960837,904.707479171422,522.78492045138,574.345146643005,568.847801894019,552.645918329368,607.919804489513,560.940152422814,528.722809777754,473.062981872656,478.900660259288,579.600504558634,507.690578519901,551.928488666188,1227.94461514501,466.202496854537,553.930057107503,587.823860971566,463.142974796965,466.151834019968,459.937669821556,705.816140143814,467.009303857101,583.507720112511,597.851561883149,671.154435152799,460.892720313388,461.369840649329,461.094254929272,546.422586149499,463.688992002014,664.434839883776,732.457404147385,750.302576859917,763.366384634735,809.202739447614,806.888503794212,578.204719789075,1013.45468278794
224.108751762646,201.955048451342,234.392899935105,232.362109727167,361.947356617014,569.95191663389,292.886063373388,338.40620482619,600.030162036433,927.149673780902,337.998293791298,538.483484064727,224.493078065737,514.909688635729,0,796.6159546882,389.050748221526,463.458930324239,498.35601882268,191.6217535418,191.489834641275,165.774084543236,199.717539071931,157.162637569248,150.43280671311,149.287612214613,148.981922858229,623.151812382677,1274.8441732841,340.01561158615,853.822225325544,1311.77106822946,875.811342245748,1220.96123370882,263.823170183069,409.551804557545,604.35113224838,426.096415562805,216.889791865876,228.659963699619,213.414772774447,215.391207807865,229.363203810964,218.728630017746,253.966125594737,757.403762417277,457.944577239119,326.251819049602,416.251066290276,313.247183301179,209.468957630941,241.623535102724,153.237180709148,158.467507198926,634.394476684965,308.931733815875,308.870775205374,314.052498690405,526.697053735324,216.630532601893,711.687656459829,145.218227214264,161.487575163271,180.311647431072,178.970212404863,315.524447875768,321.989711270165,288.190449855596,383.343329915162,319.123856319876,313.750704349183,322.592935879551,303.292871841202,303.793252700908,303.205277415319,148.561659371739,249.10596259019,322.521038215028,143.138038622219,158.697351247718,220.42902746854,675.822905652429,598.040755084114,580.002278011536,662.298976858506,214.720027242217,322.781659849764,212.955547509178,304.062602423137,235.820685031045,214.472133267049,775.836042274522,675.112540517336,274.328602839999,325.405166509083,330.919861219268,314.383749388798,370.313551871415,316.113338895228,283.649682744829,222.638654164228,229.033788829175,339.375022970226,264.094192628924,309.369715448097,995.28212171238,219.21432316676,307.231463354403,339.203920055706,215.415469568982,217.870885462882,212.546948608765,485.314324449404,219.339901074427,345.950967138865,360.48599210649,423.144610876228,213.473024838528,213.832980191511,213.662804629671,308.399468401594,216.34707797598,429.24779606746,501.228219947632,518.965799564828,532.070629155839,586.248690966734,584.01546207817,358.114234378138,791.779908758886
736.885341479242,711.997379277578,747.480094544007,745.508767327272,872.745456885562,893.037234526443,805.664837619214,836.998729216225,1000.52240965045,1321.41449292252,863.108546377446,1038.87530212654,745.099452352336,1018.79250183523,796.6159546882,0,908.612411591082,970.853457174421,992.507232500546,714.365829003781,713.898750578222,685.331797954585,718.5136873469,676.410777541552,676.13979989117,674.73085128412,674.237648790461,1123.79648064714,1774.93720179704,861.361983011687,1277.18139708782,1685.2696055367,1285.08568178214,1706.39534170981,784.294739189766,907.092907455674,1090.21241522171,933.966495400809,737.321846149524,749.107385051845,726.897865375996,728.787015435599,745.461797343276,736.23608740398,769.545914789074,1025.08486842482,956.320066253276,824.674016206664,914.654674387633,811.703079390235,721.037072079456,763.335131733599,678.147861513096,671.763050441293,1152.31952181579,807.519857328552,807.392043739238,812.610491334993,1044.29515376064,730.915195861317,1147.45101579344,674.717622012439,689.112991545886,704.256513789637,704.404854089949,800.24237736163,824.826138672306,791.195526643137,881.876046910097,818.148434859943,812.410914320447,821.171689568396,802.025903046929,802.523290239564,806.197117182942,668.838327664359,767.219583353799,820.472384639394,674.960247157119,684.089262133393,745.177819833467,1180.61490161744,1084.90365449994,1064.55986950602,1145.92009392584,728.427784195943,835.006237988161,726.042724560695,816.099082454905,748.760523333712,727.482117218508,1245.6305729351,1143.51396407848,791.037598300012,826.339749862802,829.418199440123,813.345956320597,868.46959187846,825.137645762622,788.562401634529,742.504634566347,746.298192257144,841.082030390808,767.705139797994,814.587465530916,1467.42325103221,732.098809607069,819.522775260476,856.042591913408,730.629062996303,735.435692773988,726.568019626751,953.863641856437,734.263210756213,844.014896965171,858.370942961341,939.448354445056,727.583214133681,728.340536877564,727.817319087715,807.077142023516,729.741814668052,909.237322649122,984.050863650868,1001.7799451925,1014.11866851834,1067.51853832417,1067.49150609785,825.686230957067,1269.59103482935
347.519043789594,325.88741340769,357.708644257436,355.654720500692,485.80022923403,688.065481283408,416.480144173047,456.731740950245,719.429586416658,1033.81804524373,439.396769777397,657.870660313133,348.522049235409,608.084537239423,389.050748221526,908.612411591082,0,585.131742372284,594.472189394115,305.911233567522,305.21627404839,290.751886133547,324.61433716808,282.11055966924,276.333562007463,275.11890135927,274.761530878206,742.766614385299,1394.34190886066,464.963332327712,969.838708381875,1428.36839666845,992.190400519556,1338.07164979053,387.852744176912,527.417474714749,721.787583726694,547.650370968982,340.904130235402,352.679889849402,336.590280467017,338.593480697865,352.904846438646,342.45020866585,377.442435126971,868.689312979106,576.187466514669,444.514803926784,534.505901472531,431.517409294701,333.935510877037,366.757938660621,278.93632842809,282.907639562905,758.31480221866,427.255931128765,427.167218976371,432.363442445798,650.574497406424,339.924690393374,827.291845335608,271.55665137685,285.002657788306,304.820875275961,304.314559223267,426.84012213598,442.819546748592,409.140084401168,501.678116584657,437.637160432696,432.113805689803,440.927802881596,421.680055513183,422.17850738997,423.170456310189,273.567743655525,373.757453104062,440.601486216621,271.877374300167,284.313374283853,345.521050878929,796.409825529754,715.549809072852,697.288371661589,779.514404858186,337.918392364245,445.644542305127,336.031834641734,426.867107762136,358.85799741467,337.528177661119,890.03123151732,789.220141544027,398.148230873145,449.471802853354,449.233056370167,432.870963407855,488.459074358895,438.023572439286,405.673670838296,347.50448524194,353.560396590261,458.885395283669,385.35484817477,430.096578354148,1110.97644363524,342.252775695305,430.118529726772,463.109696757648,338.846458446436,341.598991729641,335.798142082221,594.665448561303,342.739582459731,464.070820176105,478.506038925836,546.727030553742,336.739595615179,337.161985081823,336.93566804964,426.762130344333,339.568702528559,546.219498198401,616.09958131342,633.893907278496,646.982146640665,696.769274141737,694.472512958652,467.260178435417,901.658895906853
334.277889211873,357.032504884478,336.470470956639,332.520842021446,509.212779685901,745.210594942158,414.8137423995,390.630652936369,776.770107669877,1103.53980751848,536.063667190585,589.192410506147,373.187684605577,707.834759673143,463.458930324239,970.853457174421,585.131742372284,0,689.207814793162,385.659151287984,385.649356529441,344.88030750108,377.217056287584,335.965613762298,336.639771065637,334.970132904629,334.241240288245,675.349688408178,1330.03424351092,509.392590765759,996.301145654685,1464.51627514071,1021.59946685643,1320.30502011041,411.567901758388,467.325221161495,702.535109303604,446.74777912716,364.254002523909,376.169857838502,303.155730085575,307.646061153411,342.361271765347,343.468555756471,362.662022398368,925.551806112916,511.397535914337,379.459925475667,469.555657739389,366.22948477906,382.012843114422,418.085113982332,337.671638242709,328.131120704769,766.536521999578,361.183888845139,361.491554016761,366.466904907679,656.508296744744,313.695071216574,850.596740619768,338.772965846594,354.007798566744,354.640014281238,363.020437456328,442.210937657341,374.737819697806,342.738622283073,436.381671631199,369.078023183347,365.689052617331,375.047595738582,354.761962746763,355.272289553144,326.435719035746,329.269612664141,413.199049555473,378.30010144259,338.906355316728,343.505224587981,401.370342943671,688.520017313944,694.038066348372,680.934273646406,765.167007203776,305.639393483464,390.24495501639,295.678886194238,367.11676231721,315.714226141762,295.730593979353,900.136720657865,800.725467477885,399.656809638871,501.750012485915,383.986320454165,364.672005387864,424.903859132532,343.044550757305,369.801271025932,391.963484515312,389.233154337375,371.576256852524,321.30412605286,320.745310354463,1114.00410950105,299.59789314387,376.564964787815,468.280833331296,321.105176947316,343.065141719995,306.865986797175,636.20238470564,322.849619453376,401.094526262406,416.479053891788,538.368199565842,308.782516696105,313.106900717648,309.366735761311,360.163138324982,310.164745650126,539.11388436761,610.874287710435,628.430544325304,642.69295802319,721.330637159282,718.197045003642,510.807802994714,933.704919278082
