Rasters_Shapefiles/DEM.asc
NCOLS 171 
NROWS 108 
XLLCORNER 210004.651214014 
YLLCORNER 7285008.22228844 
CELLSIZE 4999.99999999998 
NODATA_value -9999 
[rows 63 to 83 of 108, columns 94 to 140 of 171]
748.210734863281 748.935512695312 760.959135742188 734.832893066406 619.685390625 547.365798339844 499.96955078125 440.215847167969 417.004525146484 414.414499511719 415.593488769531 416.601361083984 417.469517822266 416.7524609375 414.270775146484 410.415419921875 409.231726074219 408.456776123047 408.160655517578 408.2743359375 408.660754394531 411.795534667969 416.690510253906 420.214822998047 428.691116943359 453.084270019531 476.752041015625 478.209102783203 453.154927978516 463.296945800781 478.151845703125 476.767911376953 479.097055664063 488.063041992187 501.829420166016 496.611147460938 492.643695068359 491.924996337891 506.278237304687 483.672279052734 479.353284912109 458.256312255859 448.996125488281 431.273225097656 422.547573242188 419.371402587891 432.435887451172
670.311906738281 682.927221679687 685.009516601562 728.586010742187 714.814213867188 661.249108886719 664.283369140625 547.767036132812 461.733923339844 430.949460449219 420.951745605469 423.035145263672 424.338760986328 423.172591552734 419.978402099609 415.801138916016 411.663276367188 409.685417480469 410.358880615234 410.586845703125 410.268430175781 409.344622802734 409.982718505859 411.17951171875 414.681311035156 427.479536132812 448.325665283203 450.606196289062 452.024395751953 463.576071777344 476.894741210938 468.13375 470.598720703125 483.421998291016 496.051380615234 497.105184326172 502.8608203125 504.785450439453 502.689078369141 498.535653076172 475.209527587891 469.620089111328 465.809085693359 440.172058105469 437.597889404297 441.742790527344 441.732508544922
672.618159179687 666.295061035156 662.411328125 682.354997558594 696.2706640625 723.385876464844 689.690063476562 638.782265625 603.920952148438 501.132160644531 440.093217773438 431.791423339844 432.679036865234 430.282338867187 425.762774658203 420.829114990234 416.469838867187 412.444930419922 411.274127197266 411.980185546875 411.37390625 410.258194580078 409.854799804688 413.455737304687 413.83095703125 418.343762207031 425.425050048828 432.396071777344 459.35365234375 469.343668212891 470.686428222656 460.404945068359 463.543841552734 480.199832763672 489.644986572266 487.363145751953 500.501461181641 506.649185791016 507.740834960937 488.885791015625 484.298668212891 476.173587646484 461.65267578125 448.129204101562 457.777614746094 455.212802734375 445.462292480469
689.905825195312 675.148203125 662.075849609375 661.543549804687 673.927409667969 677.7426953125 631.158332519531 643.380988769531 640.51828125 653.94689453125 525.228477783203 448.728171386719 443.510362548828 438.987086181641 432.182828369141 425.738061523438 420.194061279297 415.623874511719 412.477818603516 411.703787841797 412.000606689453 411.766153564453 412.777751464844 413.911689453125 414.521966552734 415.65599609375 420.152102050781 423.295776367188 430.838044433594 446.226221923828 455.861264648437 448.152971191406 459.225207519531 464.510183105469 473.449395751953 482.748676757813 493.007645263672 504.491662597656 518.846575927734 507.564031982422 499.528044433594 476.347479248047 464.053024902344 461.025318603516 465.745047607422 448.500201416016 439.478250732422
732.543776855469 693.037158203125 657.281884765625 646.774377441406 628.01578125 619.315642089844 596.193000488281 601.479389648438 600.354606933594 628.955246582031 605.267412109375 494.098149414063 456.983765869141 446.916849365234 436.512647705078 428.876177978516 422.964442138672 417.665344238281 414.392026367187 413.932194824219 413.768168945312 415.632999267578 417.837723388672 418.763530273437 417.431712646484 416.611853027344 417.702258300781 419.091773681641 422.320985107422 427.848923339844 433.039885253906 437.844368896484 446.221383056641 454.660211181641 463.474222412109 473.409262695313 487.136791992188 500.915316162109 514.519104003906 527.190158691406 501.628995361328 479.366187744141 471.049127197266 479.906427001953 474.766964111328 454.44794921875 442.787774658203
695.489814453125 673.916416015625 672.360715332031 660.591091308594 629.738811035156 605.809609375 604.506027832031 570.948488769531 574.849897460938 549.05205078125 553.341901855469 497.03310546875 500.709661865234 467.261812744141 440.640382080078 434.218083496094 425.869068603516 420.880364990234 419.368294677734 422.474351806641 418.610511474609 420.935855712891 423.654047851562 424.724011230469 424.1536328125 421.724256591797 420.55447265625 420.270787353516 421.337585449219 424.704758300781 426.836793212891 433.790338134766 442.639321289062 450.625712890625 459.738323974609 470.655451660156 487.968751220703 501.993526611328 514.251413574219 523.867376708984 496.535919189453 483.195816650391 496.172347412109 494.120855712891 477.609775390625 484.57998046875 454.034633789063
696.121325683594 710.707216796875 723.079892578125 724.820810546875 683.357004394531 690.337045898438 649.380849609375 585.128540039062 563.935246582031 533.320407714844 515.417054443359 502.253181152344 515.628006591797 536.627425537109 472.381723632813 447.045812988281 431.391766357422 422.320399169922 421.148111572266 422.202377929687 423.668317871094 426.031944580078 429.093996582031 430.767099609375 430.195458984375 428.623209228516 427.442308349609 425.142770996094 423.267950439453 424.472697753906 425.436998291016 429.649675292969 437.465886230469 446.351466064453 455.860900878906 466.758482666016 487.974366455078 495.341937255859 511.071945800781 513.923284912109 502.744858398437 491.688697509766 505.754479980469 513.67271484375 498.854822998047 487.123446044922 468.204539794922
746.695981445313 823.382106933594 756.373801269531 790.275705566406 791.229631347656 801.938955078125 722.861311035156 643.936704101563 628.880107421875 580.678774414062 522.146190185547 548.672707519531 552.732055664062 526.359114990234 510.409017333984 466.716936035156 438.045260009766 426.946165771484 427.451494140625 427.205261230469 429.561014404297 431.889663085938 434.275905761719 436.324871826172 436.327305908203 434.881809082031 433.097535400391 430.204974365234 426.540362548828 425.941723632813 427.100245361328 427.574566650391 432.113162841797 440.759263916016 450.027604980469 466.061634521484 483.235423583984 487.525598144531 496.37001953125 503.013681640625 505.083670654297 508.329614257813 507.680197753906 506.343793945312 501.835737304687 493.295416259766 471.743221435547
733.810966796875 794.430747070312 844.3330078125 847.946359863281 764.619064941406 736.591506347656 681.892143554688 681.684838867188 654.31947265625 594.938505859375 593.120737304688 643.124416503906 605.448061523437 562.084291992187 559.665390625 504.017705078125 462.567915039062 439.381950683594 435.830310058594 433.602235107422 435.005782470703 437.59404296875 440.045238037109 442.534808349609 442.778182373047 441.3947265625 438.759908447266 434.919849853516 432.193972167969 428.407150878906 427.580262451172 428.106030273438 430.927875976563 437.074481201172 447.884034423828 460.088399658203 471.054028320313 479.270101318359 480.564025878906 490.965783691406 500.864859619141 513.911896972656 507.795939941406 498.883958740234 496.614724121094 486.458853759766 479.146392822266
722.527333984375 723.1897265625 766.698142089844 762.434848632813 707.401689453125 674.769189453125 626.157033691406 635.417104492187 619.448830566406 599.787365722656 674.12490234375 659.9266796875 627.161584472656 598.550700683594 609.393837890625 560.530323486328 493.289183349609 461.151070556641 447.076820068359 439.123522949219 440.672707519531 444.377030029297 445.914083251953 448.417670898438 449.765952148438 447.741298828125 443.431320800781 439.564764404297 435.308591308594 432.688095703125 430.757307128906 431.015628662109 433.876312255859 437.560964355469 445.025731201172 454.340551757812 462.413787841797 474.156187744141 492.287601318359 514.497388916016 498.865223388672 510.156971435547 509.414151611328 519.794370117188 511.56294921875 501.786712646484 492.064366455078
693.42552734375 729.171940917969 793.485974121094 792.529782714844 731.056403808594 707.847287597656 684.009714355469 615.618845214844 608.679057617187 627.308688964844 645.502529296875 692.201259765625 688.301831054687 636.97169921875 663.720373535156 635.559284667969 605.925288085937 508.637856445312 462.744698486328 449.139987792969 447.582366943359 450.613936767578 452.822373046875 454.154143066406 455.220782470703 452.070935058594 447.534672851563 441.606011962891 437.983258056641 437.387493896484 435.210897216797 434.277951660156 437.572144775391 440.449377441406 445.22478515625 451.717934570312 459.676975097656 474.408948974609 496.105454101562 487.374450683594 485.134699707031 499.552257080078 516.752229003906 537.414011230469 523.250906982422 520.970225830078 503.386887207031
697.692260742188 712.324526367187 824.781242675781 735.604807128906 685.846293945312 704.446220703125 687.722080078125 656.376276855469 629.798896484375 676.847219238281 722.058151855469 738.926225585937 670.239438476563 678.868645019531 697.783486328125 654.696608886719 636.45015625 574.68787109375 544.723695068359 496.742979736328 461.994650878906 457.936048583984 459.347503662109 460.799127197266 460.132775878906 456.188734130859 451.45287109375 447.971209716797 443.404693603516 441.974803466797 438.423549804688 439.679208984375 441.896156005859 443.462163085938 446.683153076172 450.013375244141 457.015744628906 462.517540283203 472.721716308594 472.377309570312 484.5780859375 495.500915527344 514.269234619141 540.886870117188 540.363435058594 532.441325683594 504.907254638672
745.008647460937 754.603876953125 735.035886230469 708.475981445313 712.160146484375 689.555231933594 678.425090332031 663.534123535156 677.406508789063 707.635856933594 664.355258789063 675.298635253906 691.591782226562 696.285544433594 687.273349609375 646.094282226563 608.803776855469 586.15162109375 563.345148925781 523.013742675781 486.620854492188 468.625068359375 465.543492431641 466.945980224609 465.642711181641 460.209080810547 456.601833496094 453.562590332031 449.142109375 445.833497314453 445.041558837891 446.586546630859 449.176320800781 450.075570068359 451.496063232422 453.305086669922 458.062015380859 463.099296875 466.426219482422 471.050782470703 482.093582763672 489.700614013672 502.564698486328 520.028071289062 530.404790039063 520.891838378906 508.9477734375
748.880363769531 793.661000976562 774.046687011719 749.936340332031 744.663872070313 714.914145507812 701.09099609375 683.0369140625 682.985041503906 689.333227539062 682.299841308594 674.511284179688 679.061433105469 693.779208984375 674.149016113281 658.966201171875 645.038435058594 645.952612304687 625.682353515625 565.103850097656 527.922774658203 511.589027099609 481.640086669922 474.075386962891 471.379201660156 465.994167480469 461.452058105469 456.461734619141 452.778538818359 453.186087646484 453.616867675781 455.330007324219 456.770083007813 457.733081054687 458.707344970703 459.162733154297 464.163132324219 469.344248046875 472.817305908203 474.901640625 478.907039794922 489.647938232422 501.244083251953 516.586966552734 531.730173339844 522.101813964844 527.2090625
756.5271875 804.792790527344 800.001760253906 769.59611328125 748.782104492188 733.903764648437 731.514624023437 724.422729492188 714.84134765625 705.098679199219 692.184167480469 695.265705566406 705.716020507812 706.185895996094 679.972531738281 673.152541503906 673.609846191406 669.456057128906 642.208640136719 576.122429199219 579.504848632812 547.386878662109 506.576481933594 480.437436523437 476.867026367188 470.733619384766 464.683000488281 461.587645263672 459.793121337891 461.765198974609 463.247344970703 465.20349609375 465.672321777344 466.416424560547 466.234771728516 473.161804199219 471.535739746094 476.504046630859 479.622025146484 482.515358886719 483.173485107422 491.490874023438 503.122730712891 518.898489990234 535.559072265625 544.264318847656 576.831240234375
839.195622558594 838.66572265625 841.461650390625 865.166494140625 823.359709472656 782.608090820313 745.562788085938 732.503625488281 723.269572753906 704.51271484375 698.628210449219 702.831784667969 695.979145507813 693.059614257813 695.548952636719 725.276181640625 696.276596679687 651.766923828125 619.407102050781 588.880590820312 559.8655078125 535.15150390625 515.971739501953 488.78775390625 486.731815185547 473.482470703125 468.656530761719 466.031666259766 468.981339111328 471.141101074219 471.537264404297 474.488505859375 474.949835205078 475.875932617188 475.279525146484 475.949763183594 487.717615966797 497.115336914062 490.134566650391 489.772091064453 494.690731201172 498.482032470703 507.713563232422 522.255073242187 546.957897949219 585.758166503906 596.251691894531
849.770734863281 800.322512207031 836.236689453125 779.694528808594 761.606264648437 782.138950195313 736.695217285156 712.987153320312 776.436953125 753.352338867188 762.179052734375 787.771477050781 784.126604003906 719.571040039062 721.439113769531 757.702048339844 714.422312011719 667.464243164063 637.274826660156 631.434565429687 602.603859863281 554.705224609375 506.271656494141 493.297642822266 504.170341796875 491.220657958984 494.237520751953 483.186320800781 479.849351806641 481.448741455078 480.549443359375 483.433961181641 484.301937255859 484.590239257813 484.643845214844 482.093012695312 500.41265625 520.101975097656 514.814938964844 498.838486328125 503.243757324219 505.172958984375 514.983984375 530.723479003906 572.552299804688 578.219484863281 577.038078613281
766.107404785156 770.44830078125 782.1759375 756.890827636719 751.373564453125 747.7054296875 719.820092773438 717.770959472656 717.823525390625 709.139479980469 692.863645019531 681.96814453125 677.274638671875 671.96275390625 683.33955078125 689.303557128906 690.999907226563 616.537358398438 599.741352539063 590.576306152344 604.12130859375 564.858273925781 518.759274902344 523.640128173828 567.540012207031 534.315697021484 517.718366699219 501.787416992188 495.310308837891 491.512006835937 490.006232910156 492.957780761719 493.702407226563 493.054974365234 493.931900634766 491.826414794922 506.802774658203 535.807307128906 517.041668701172 507.676756591797 510.910560302734 515.998325195313 522.943388671875 547.672600097656 568.336813964844 560.648742675781 544.491733398438
774.643459472656 759.819973144531 745.760546875 746.605124511719 735.040639648437 722.483669433594 709.889982910156 699.609516601563 688.605107421875 688.537897949219 684.348410644531 664.601831054688 644.746110839844 639.319853515625 651.122248535156 640.873681640625 635.506159667969 610.209255371094 592.830971679688 553.836796875 550.712297363281 546.339641113281 514.461888427734 530.482321777344 567.663645019531 599.664079589844 576.702370605469 532.067229003906 517.347039794922 501.475194091797 498.267651367188 503.226817626953 503.293209228516 501.843636474609 503.538723144531 501.830892333984 511.790290527344 538.653161621094 533.902321777344 514.605322265625 513.160007324219 519.313410644531 529.00669921875 542.554443359375 556.932626953125 567.736877441406 556.533247070313
776.677297363281 745.250107421875 694.741779785156 740.3026171875 712.238676757813 696.289089355469 706.053955078125 698.688442382812 682.618117675781 666.319814453125 672.609145507813 672.463779296875 642.416962890625 619.346240234375 624.347331542969 632.699592285156 635.614357910156 616.566022949219 593.015720214844 570.527292480469 533.983017578125 519.138745117187 514.809957275391 517.376785888672 527.245283203125 541.310786132812 559.085373535156 582.983955078125 558.685 517.818841552734 523.646296386719 516.762454833984 513.686832275391 511.010550537109 513.808041992188 534.153894042969 545.853557128906 545.161547851563 530.820192871094 531.963317871094 530.569399414062 527.364448242187 536.691157226562 554.985363769531 574.382512207031 582.690805664063 579.204792480469
669.376340332031 676.572736816406 657.19341796875 710.93884765625 664.916103515625 700.70470703125 695.847158203125 689.061845703125 677.045480957031 658.944895019531 663.074753417969 660.901804199219 642.423044433594 618.208127441406 601.451774902344 614.812961425781 630.603911132813 608.972800292969 575.151428222656 553.268969726563 532.615661621094 523.756118164063 523.058178710937 527.974829101562 539.819343261719 544.635471191406 550.728330078125 545.299206542969 531.881037597656 533.382954101563 540.433745117188 527.6136328125 523.789672851562 523.602214355469 523.440720214844 527.757172851562 540.026423339844 544.870441894531 544.259755859375 553.095732421875 541.693957519531 534.961169433594 540.530908203125 562.405554199219 591.516005859375 615.346877441406 583.558046875
