Rasters_Shapefiles/DEM.asc
NCOLS 171 
NROWS 108 
XLLCORNER 210004.651214014 
YLLCORNER 7285008.22228844 
CELLSIZE 4999.99999999998 
NODATA_value -9999 
[rows 63 to 83 of 108, columns 0 to 46 of 171]
-9999 27.294032740593 20.080852022171 2.71801626205444 2.96221300125122 5.32973793983459 9.08884428024292 12.9399738693237 17.6875660324097 21.2432964324951 26.1858321380615 29.7176467132568 32.1647222137451 36.3425451660156 36.9727981567383 37.8632649230957 40.4777053833008 43.8136929321289 47.6869047546387 51.0110920715332 55.2878161621094 58.8552821350098 61.6838404846191 67.0614610290527 69.8595074462891 73.7349942016602 78.0485992431641 82.7469027709961 87.5699523925781 98.842981262207 121.628096618652 133.86492401123 143.060529785156 133.843029174805 133.424840393066 130.61203338623 130.083836975098 133.942368774414 151.756162719727 172.014582519531 195.021299438477 232.506859741211 212.30041809082 212.408817749023 228.267692871094 277.492892456055 342.848953857422
-9999 51.2648708636944 21.7551210021973 3.7573484992981 4.40852151870728 6.74241028785706 11.3136423873901 16.7014472961426 22.9865434265137 26.3169331359863 31.4174559783936 35.7220147705078 36.7892984008789 40.8825573730469 44.3641313171387 43.5258866882324 43.7678675842285 45.1276336669922 48.4226773071289 52.3708265686035 58.1790580749512 61.1197041320801 63.6775602722168 66.4029632568359 69.4129028320312 73.9929058837891 85.63017578125 90.0313150024414 88.4628732299805 93.6521499633789 116.095186767578 126.096001586914 121.505308532715 114.964086914063 116.84955657959 122.281759643555 126.159027404785 128.119710998535 149.163535766602 165.097397460937 188.823841552734 201.203268432617 207.679340209961 241.762412719727 241.924120483398 304.688173828125 345.165487060547
-9999 53.8461093902588 26.8175344085693 10.4514801025391 10.0503373336792 10.4402926254272 16.7632946395874 22.1198302841187 28.7343363189697 32.7238503265381 37.4395362854004 40.9062252807617 44.0671881103516 46.8606100463867 48.2106468200684 50.3690673828125 54.4244384765625 51.5558470153809 56.7397190856934 58.9755392456055 60.7982055664063 76.9966760253906 69.7926635742188 73.581770324707 74.928483581543 79.4356130981445 97.0384259033203 118.905859680176 102.160463562012 94.9136724853516 104.139114685059 117.290151977539 107.071017150879 110.161887512207 118.366656494141 133.921142272949 140.98604675293 130.262637023926 136.64264465332 161.257444458008 192.382283325195 186.58262512207 186.368908691406 210.943149414063 204.208834228516 234.122412109375 277.401289672852
-9999 57.8825977325439 33.2551425933838 19.7395057678223 16.9662216186523 15.2917094421387 21.7403227233887 27.2865483856201 32.6742741394043 37.4543670654297 42.5552238464355 47.0682182312012 50.051714630127 52.7377238464356 55.0374406433105 55.9356916809082 59.5087716674805 59.8307469177246 68.5329382324219 69.497912902832 70.7622299194336 80.7265325927734 78.4764846801758 83.3942752075195 86.6833325195312 85.0754113769531 105.711049499512 177.375133666992 128.903171081543 102.515503234863 101.178278503418 105.478690490723 111.775538330078 111.228540649414 125.447942504883 147.806406860352 146.581838989258 133.632025756836 138.332250366211 149.339030151367 161.688091430664 175.961727905273 166.475313110352 178.935565185547 187.459177246094 211.745788574219 228.728021240234
-9999 55.9368228912354 41.9636011505127 30.5356939697266 21.9292186737061 20.3493734741211 26.4853958892822 32.3548501586914 37.5457685852051 42.4143377685547 47.4900805664062 51.3668406677246 56.380182800293 59.4784036254883 62.4243449401855 62.9013024902344 63.7164492797852 66.59119140625 77.5273034667969 84.7850360107422 87.6312646484375 88.8956777954102 93.7765707397461 95.8142013549805 91.8988146972656 90.6829348754883 103.506957702637 146.897504272461 130.980185241699 112.691369628906 104.502100830078 109.977665710449 125.601424560547 136.55257598877 144.661802978516 147.090162353516 148.569501342773 142.083999633789 160.203450317383 145.181205444336 149.035715332031 153.019061889648 165.35533203125 221.283322143555 203.533935546875 200.027885131836 216.730633544922
-9999 58.3752579689026 55.8429678344727 40.8753663635254 26.6995951843262 26.06844581604 32.1948457336426 37.6424682617187 42.9061988830566 47.1687860107422 51.9470845031738 56.8504231262207 60.5507830810547 65.8625730895996 69.1901525878906 70.3579251098633 72.1018844604492 74.4180899047852 82.1892864990234 103.28350189209 106.194694213867 105.368520812988 112.532925720215 122.190381774902 104.069488220215 98.5698471069336 106.887559509277 125.846755371094 144.617404174805 124.099410095215 113.367206420898 114.706340637207 137.758123474121 152.104693603516 156.546849975586 163.725840454102 181.818997192383 169.878068847656 215.245010986328 151.893016357422 146.442442016602 147.985785522461 153.795991210938 176.402085571289 203.540154418945 218.046677246094 231.568585205078
-9999 72.4010223388672 71.9582957458496 45.6786917114258 31.6626221466064 33.4431687927246 36.8849255371094 41.8301933288574 46.9344538879395 51.5292109680176 55.7720487976074 61.2832055664063 66.3389151000977 71.5347964477539 75.2863235473633 77.2362191772461 79.0164346313476 83.6358642578125 95.2221273803711 109.951458129883 131.479889221191 125.020090942383 128.984973449707 115.360085754395 120.351863708496 103.562220153809 112.65033996582 122.084754333496 146.29332824707 140.02817199707 128.11163848877 119.839336242676 132.433292541504 150.651884765625 166.165020751953 176.281934814453 186.493452758789 201.305549926758 200.160920410156 173.216201171875 154.861140136719 150.281061401367 151.580786743164 159.258112792969 180.444216918945 213.946487426758 238.993099365234
-9999 89.4839019775391 75.007098236084 46.3083227539063 36.2821641540527 37.0807334899902 43.5656983947754 47.1873666381836 50.6105174255371 53.790493927002 60.9248431396484 65.137289276123 70.8604217529297 76.6716299438477 80.2366268920898 82.4987884521484 87.1706008911133 93.4909014892578 101.185405578613 116.440493164063 141.354133300781 146.412077636719 140.517644348145 126.172753295898 136.436773376465 140.150151062012 123.551684570313 130.140479431152 155.515023193359 148.571923828125 144.131605834961 127.776899414062 133.10542755127 148.187556152344 161.929713745117 161.503053588867 167.733104248047 187.75350769043 212.107719726562 191.768712158203 160.026954345703 159.869727172852 154.879393310547 157.503670043945 164.407316894531 193.361912231445 234.472454833984
-9999 -9999 67.4048837934222 50.6833700561523 41.5732183837891 43.1743385314941 49.0405557250977 53.151697845459 57.4233840942383 61.0412550354004 66.9421432495117 69.362878112793 74.7432312011719 80.1952087402344 84.5018389892578 88.1359024047852 94.2748681640625 102.31558807373 104.455768737793 119.221558532715 140.847504272461 157.521806640625 153.666950683594 133.884841308594 145.511415100098 143.28616027832 138.625011291504 138.84049041748 154.559974365234 145.940204467773 144.969254150391 140.653820800781 142.004500732422 143.888707275391 155.812866821289 156.3963671875 168.909799194336 190.914044189453 207.202611694336 203.429431152344 185.831620483398 164.051185913086 165.417681884766 159.604914550781 163.045035400391 172.766739501953 183.474214477539
-9999 -9999 65.7484419686454 53.6771499633789 48.8441494750977 50.2959831237793 52.303462677002 58.7786120605469 64.0507984924316 69.812427520752 72.1730093383789 74.2609564208984 78.3561999511719 83.9384204101563 88.6511315917969 93.2890444946289 97.6808514404297 107.41688293457 114.889404296875 122.521105651855 133.719642028809 152.336544189453 160.0372265625 140.758609008789 143.222384033203 137.568859863281 155.863391113281 167.666480102539 173.449301757812 162.810283203125 157.479104614258 151.376495361328 167.097178955078 157.029610595703 184.231669921875 209.891121826172 175.936329956055 179.726992797852 192.588670654297 223.733444213867 202.15360168457 188.897763061523 173.528569335938 166.111927490234 164.098167114258 168.622974243164 176.388948364258
-9999 -9999 62.2104203360421 57.7990086364746 54.6263226318359 58.6686347961426 61.2535684204102 64.783286895752 72.124192199707 75.7835903930664 81.2542321777344 82.0002493286133 83.0285461425781 86.1732623291016 92.197126159668 97.3951147460938 102.199327392578 108.909010009766 121.203460388184 131.341466674805 144.972908325195 161.453426513672 180.675314331055 167.534930419922 163.344260864258 149.94633605957 160.507626953125 188.199689331055 191.991727294922 182.178966674805 175.744069824219 170.594989013672 197.764423828125 175.799399414062 193.001701049805 271.383388061523 269.832005004883 195.593457641602 190.463385009766 244.042211914063 251.710228271484 195.291275024414 173.100526733398 166.843524780273 168.287117919922 180.210624389648 189.480697021484
-9999 -9999 -9999 65.2497372834579 66.196527557373 68.8446035766602 69.5077935791016 70.4451922607422 76.0442199707031 75.5073233032227 79.6357626342773 90.4196621704102 89.5344305419922 93.2369519042969 97.6584197998047 104.246324462891 109.020852355957 111.300400085449 122.300081787109 136.055305786133 145.981146850586 159.746565551758 175.390038452148 193.432518920898 180.182679443359 164.402161865234 170.432661743164 184.550682373047 203.47684753418 200.645240478516 196.803873291016 185.967627563477 218.426038818359 195.629244384766 203.731743164062 356.951877441406 348.312722167969 245.594210205078 205.254230957031 214.193076782227 272.287285766602 281.658418579102 200.056606445312 170.929960327148 170.533598022461 173.157063598633 185.511753540039
-9999 -9999 -9999 71.5117668738732 69.0122082519531 71.8937040710449 78.8268872070312 75.5941949462891 68.9099285888672 71.1478317260742 78.9577169799805 93.6809924316406 96.7214651489258 97.8637725830078 104.178132629395 116.179642944336 120.17361907959 117.158792724609 122.784363708496 134.524358520508 148.304720458984 158.615463256836 177.544370117187 184.301311645508 191.645356445313 182.814449462891 197.305015869141 202.801943359375 220.131675415039 201.969735107422 192.221165771484 185.872921142578 207.310372924805 208.04109375 223.7069921875 315.248944091797 393.865549316406 285.048951416016 248.550697021484 216.949999389648 240.395805664062 313.587971191406 273.02448059082 192.218133544922 174.954085083008 177.483402709961 186.460814819336
-9999 -9999 -9999 75.0758628845215 64.6973506609599 65.7834951782227 83.2262258911133 85.5032122802734 67.747463684082 77.269580078125 88.1337326049805 107.221844482422 107.126990661621 105.883488769531 109.564375915527 128.530867614746 139.021449584961 124.362739562988 127.449360046387 132.24665222168 141.72545715332 150.215373535156 160.709091796875 172.855020141602 188.871084594727 194.096729125977 199.759940185547 211.564248657227 215.71892578125 195.455475463867 187.856510009766 196.806211547852 206.200422973633 242.804346313477 243.06116027832 307.710948486328 433.892210693359 296.902365722656 282.11115234375 230.242774658203 229.435047607422 256.727885131836 322.365985107422 243.807871704102 184.204962158203 181.749404907227 196.923969116211
-9999 -9999 -9999 -9999 62.2830698830741 65.5748661804199 73.8719515991211 79.3055108642578 80.0861126708984 91.1449005126953 101.906553344727 111.423333129883 118.871673278809 116.701976623535 115.987035217285 134.564437866211 142.761429443359 132.945700073242 134.075941162109 136.921486816406 142.320698852539 150.85681640625 163.849890136719 179.92340637207 197.84727355957 208.292811889648 203.01036315918 214.226416625977 213.890552978516 208.529708251953 202.533784179688 198.024739990234 218.643926391602 282.072131958008 299.021204223633 327.317210693359 453.5915625 362.864284667969 378.242622070313 281.917932128906 248.830271606445 344.617218017578 321.825808105469 257.350852050781 205.644901733398 187.436600952148 189.042596435547
-9999 -9999 -9999 -9999 62.9892425537109 67.8525498130105 74.2494641113281 80.2142678833008 86.7825329589844 93.1765197753906 104.856655273437 116.104695739746 134.077965393066 130.082339782715 126.265322570801 137.276243896484 145.086976318359 148.348060913086 144.682465820313 147.324805297852 146.652864990234 156.21413269043 174.410954589844 187.616497192383 197.062103881836 204.893346557617 212.840012207031 230.341232910156 218.03612121582 216.237892456055 227.274071044922 219.130269775391 214.087100219727 263.638182983398 341.457186279297 379.775531005859 463.319642333984 376.786574707031 379.785081787109 348.309273681641 272.074688720703 276.110256347656 322.276979980469 307.80411315918 255.729674682617 212.637814331055 197.328389282227
-9999 -9999 -9999 -9999 -9999 70.5254287719727 74.9021034240723 82.224020690918 89.5475888061523 97.0582928466797 104.210437316895 111.365259094238 128.629668884277 138.019095153809 127.26825592041 137.521036987305 144.56028137207 148.920784301758 156.827969970703 162.268822021484 153.878316650391 157.917675170898 172.440557250977 178.852538452148 185.959620361328 194.216000976562 204.976840209961 215.585233154297 226.008082275391 228.789935302734 234.602659912109 239.41857421875 222.013616333008 246.800059814453 352.500305175781 416.569996337891 483.426453857422 432.232565917969 397.846395263672 405.382825927734 329.994404296875 278.129368896484 319.911711425781 341.428768310547 314.787150878906 250.737994995117 240.512922363281
-9999 -9999 -9999 -9999 -9999 -9999 79.3122215270996 91.0584265136719 101.238587646484 103.481406555176 109.563822021484 113.875498352051 118.545935058594 124.053009033203 129.413828430176 134.768060302734 141.459844970703 148.617227172852 163.914573364258 175.02903503418 170.695932617188 164.685159301758 168.463216552734 176.313402099609 183.693636474609 191.74112487793 200.319905395508 209.342059326172 224.179212036133 244.620294189453 255.082905273437 257.353756103516 240.465052490234 235.315680541992 293.146608276367 370.058780517578 470.746105957031 430.783505859375 408.743857421875 415.093640136719 336.728607177734 293.491965332031 293.381535644531 314.113649902344 336.322952880859 317.269906005859 317.591751708984
-9999 -9999 -9999 -9999 -9999 -9999 -9999 97.258521270752 97.9749136352539 101.453549804687 107.431491088867 111.980397033691 117.765156860352 131.063715209961 140.173939208984 140.830159301758 143.918765258789 149.767030029297 165.074336547852 178.950580444336 186.254008178711 179.731076049805 178.850018920898 183.879602661133 189.434397583008 195.175953369141 202.751149902344 212.703092041016 226.309164428711 251.900289306641 270.799735107422 277.981413574219 259.753986816406 250.805952758789 275.40228515625 356.236560058594 472.118338623047 489.754565429687 424.514256591797 431.322294921875 379.446822509766 357.970842285156 315.897852783203 326.725274658203 317.663946533203 298.089232177734 283.02797668457
-9999 -9999 -9999 -9999 -9999 -9999 -9999 -9999 94.6654945373535 109.041255493164 117.927966918945 119.805231323242 122.46077911377 133.657686157227 151.316789550781 152.172268676758 152.601000976562 152.637468261719 161.070798339844 172.460615844727 190.796873779297 199.035848999023 200.226212768555 200.982858276367 202.725415649414 201.530466308594 206.827751464844 221.319071044922 231.317012939453 244.338770141602 263.747036743164 291.31701171875 259.38905456543 288.585520629883 299.836097412109 346.658349609375 421.277957763672 482.313721923828 447.486071777344 444.812132568359 430.069827880859 414.309379882812 388.063449707031 351.039776611328 319.355891113281 301.769193115234 289.237545166016
-9999 -9999 -9999 -9999 -9999 -9999 -9999 -9999 -9999 117.573461260114 120.131422996521 128.416300048828 130.271773071289 137.098645019531 149.511032104492 160.136466674805 163.504699707031 160.65507019043 164.103562011719 172.397572021484 182.792991333008 200.982470092773 220.439058837891 221.419013061523 208.025109863281 214.631829833984 216.183938598633 219.946723022461 228.853903808594 244.372068481445 264.824464111328 282.761273193359 271.230227050781 272.397665405273 324.960043945313 368.485046386719 379.791136474609 396.022163085938 443.010692138672 456.200499267578 464.823275146484 447.278233642578 428.362290039062 399.680759277344 391.624880371094 352.697770996094 318.411129150391
