Rasters_Shapefiles/DEM.asc
NCOLS 171 
NROWS 108 
XLLCORNER 210004.651214014 
YLLCORNER 7285008.22228844 
CELLSIZE 4999.99999999998 
NODATA_value -9999 
[rows 84 to 104 of 108, columns 94 to 140 of 171]
636.313754882813 630.954553222656 630.733251953125 637.98412109375 647.313134765625 668.198247070313 677.302507324219 663.658920898437 657.470739746094 650.618000488281 641.202126464844 646.088918457031 624.314499511719 608.231936035156 594.310805664063 590.881235351563 586.188913574219 574.616086425781 560.369968261719 544.727224121094 536.573505859375 532.72404296875 531.416096191406 537.606135253906 554.150485839844 559.229328613281 569.856567382812 563.438796386719 559.451599121094 550.374096679687 560.773259277344 540.351923828125 534.204360351563 541.279545898438 536.845620117188 539.664533691406 543.053544921875 548.421235351562 558.117709960938 557.158420410156 548.23064453125 546.284323730469 555.997807617188 590.99556640625 624.486447753906 603.368784179688 583.2201171875
589.777487792969 593.350456542969 602.186506347656 613.671750488281 617.964624023438 618.966862792969 624.925695800781 632.675627441406 637.155209960938 634.813586425781 628.610439453125 621.316906738281 613.296499023437 603.295185546875 590.55505859375 579.320095214844 572.085883789062 561.718227539062 551.655217285156 546.362409667969 552.390793457031 541.790502929687 539.955305175781 549.015170898438 567.546547851563 585.981962890625 581.478200683594 591.689711914063 576.255419921875 566.690593261719 567.931149902344 550.238154296875 549.869404296875 551.637253417969 548.911499023438 548.080388183594 553.362915039062 565.796467285156 577.066560058594 582.003486328125 564.968676757813 561.060510253906 571.424875488281 608.170979003906 599.849052734375 594.506362304688 566.228359375
566.069011230469 579.068210449219 592.696391601562 597.719682617187 595.930612792969 598.99720703125 616.511882324219 624.555524902344 628.676157226563 625.769287109375 625.629953613281 624.150417480469 614.451467285156 606.524350585938 596.231831054688 587.18689453125 578.225556640625 568.559599609375 556.600073242187 556.326574707031 560.256889648438 554.248505859375 548.997163085937 559.684702148438 570.849580078125 586.48779296875 601.26587890625 609.423149414063 586.15767578125 569.82931640625 561.918383789063 557.919838867188 561.829775390625 560.602409667969 561.7453515625 559.230805664062 564.527739257813 573.840561523437 592.096909179687 589.711274414062 578.50181640625 578.913369140625 603.089418945312 618.529333496094 590.517663574219 575.369926757813 563.214951171875
560.233659667969 571.276064453125 579.734267578125 580.776530761719 581.183454589844 592.842463378906 614.039594726563 655.413684082031 650.070625 633.300583496094 641.974379882813 638.1812109375 630.706538085937 625.019208984375 608.933681640625 598.213820800781 589.011809082031 575.497104492188 566.25009765625 572.32650390625 577.421564941406 565.594636230469 558.840903320312 564.857717285156 575.269797363281 590.476994628906 604.481401367187 620.75607421875 594.7532421875 580.245095214844 574.135590820312 568.811533203125 573.886901855469 574.883923339844 573.262224121094 575.968139648438 583.777463378906 586.338840332031 578.507893066406 580.703122558594 592.567185058594 598.635544433594 623.715764160156 612.083430175781 590.714877929688 575.073432617187 564.788884277344
551.652624511719 560.778337402344 564.960454101563 567.354243164062 571.857822265625 603.926745605469 647.760656738281 677.467824707031 669.742709960938 647.365590820312 645.953571777344 631.09125 627.106520996094 633.516262207031 620.965908203125 613.873115234375 597.799064941406 583.039970703125 579.122233886719 587.641640625 584.517985839844 574.519497070312 569.405258789062 577.951120605469 585.810168457031 599.1035546875 617.880090332031 632.070012207031 617.326682128906 601.991442871094 590.796059570313 583.623981933594 590.542243652344 590.976826171875 588.973684082031 588.10796875 595.637631835938 587.345537109375 570.159025878906 569.100866699219 571.755390625 577.1940234375 580.883366699219 620.070646972656 610.050725097656 564.136198730469 551.684067382812
546.957424316406 548.577299804688 552.306433105469 558.225834960938 582.173000488281 664.980734863281 655.729904785156 621.712785644531 667.694897460937 690.76951171875 632.819326171875 612.447941894531 617.68251953125 619.505324707031 628.081684570313 613.572436523438 598.973562011719 590.384711914062 596.497243652344 603.365676269531 598.7471875 587.879467773437 582.907170410156 584.840107421875 606.478249511719 629.31619140625 623.17970703125 623.922424316406 625.988474121094 613.672409667969 606.02837890625 593.495407714844 579.940178222656 581.829296875 575.700729980469 575.136684570312 588.310153808594 587.991474609375 568.733923339844 556.736408691406 555.496157226562 577.639130859375 569.719416503906 605.363493652344 604.483740234375 565.944826660156 536.082341308594
537.956552734375 540.022568359375 545.961115722656 552.739006347656 595.282277832031 648.265581054687 595.3409765625 598.52544921875 625.359833984375 639.573557128906 628.977001953125 599.312641601563 601.110925292969 614.204987792969 627.036784667969 618.025192871094 603.417846679688 609.177751464844 610.319875488281 623.14859375 607.165910644531 603.177900390625 602.741618652344 601.517250976563 608.271696777344 607.822998046875 605.357136230469 608.812375488281 606.339399414063 603.410004882812 601.413181152344 589.609020996094 573.856525878906 567.556245117187 564.680261230469 571.74771484375 583.178022460938 591.314074707031 567.111884765625 553.318823242187 549.194018554688 548.046652832031 555.8990625 579.05177734375 566.49583984375 549.334875488281 528.551975097656
527.073283691406 534.428325195312 539.860783691406 545.991254882813 590.694909667969 591.33310546875 579.796335449219 571.670854492187 574.862915039062 589.017497558594 580.917260742188 583.871911621094 611.858713378906 623.055061035156 610.386455078125 614.923483886719 604.154211425781 614.082001953125 625.23 633.749750976562 621.315070800781 618.605590820312 614.96220703125 608.48505859375 601.103813476563 592.472307128906 590.610456542969 591.858479003906 589.499985351562 585.859426269531 579.815009765625 570.46123046875 563.063598632812 559.629772949219 558.158295898437 561.474482421875 570.777309570312 584.073510742188 569.78208984375 562.562058105469 567.410764160156 570.116049804687 540.665500488281 543.174243164063 534.089221191406 519.987717285156 516.956119384766
522.122939453125 528.985747070313 543.530297851563 561.191235351562 572.771320800781 552.294453125 550.31810546875 553.884343261719 553.836813964844 563.819477539063 567.742243652344 592.839362792969 618.668911132812 610.414230957031 593.386794433594 601.330810546875 597.049731445313 605.648276367187 614.062990722656 619.671987304687 617.346943359375 615.36677734375 608.711735839844 599.512524414062 590.875791015625 584.655122070312 580.709577636719 577.920947265625 575.272866210938 571.182534179688 567.010266113281 564.473120117187 563.521472167969 561.377302246094 557.41126953125 555.11640625 568.04919921875 576.301762695313 586.179921875 581.350061035156 581.317299804688 568.385144042969 540.131484375 527.716149902344 534.413046875 543.87814453125 534.866625976563
522.896860351563 539.940446777344 572.30826171875 587.567138671875 560.219682617187 534.621101074219 535.061604003906 538.310610351562 544.621145019531 553.156381835938 567.678425292969 578.621647949219 575.949819335937 577.828459472656 580.852104492188 579.671643066406 586.811958007812 597.9365234375 605.55041015625 616.847543945313 614.436591796875 603.830903320312 602.058374023438 595.590915527344 588.143894042969 579.019733886719 575.533913574219 572.753586425781 570.885764160156 570.403505859375 567.405532226563 570.902719726563 574.809108886719 567.748928222656 560.657062988281 558.518862304687 553.657170410156 560.258786621094 562.648979492188 576.541118164062 545.808896484375 535.614467773437 527.301633300781 537.354602050781 542.418825683594 524.489682617188 517.619354248047
538.119914550781 573.284128417969 581.606689453125 548.296845703125 536.773474121094 523.577219238281 523.943464355469 531.480920410156 540.431311035156 545.547863769531 550.127517089844 553.902568359375 558.211103515625 566.415961914062 565.661713867187 563.650249023437 572.142490234375 581.962204589844 593.712229003906 606.990900878906 615.951091308594 607.132468261719 600.15919921875 591.539775390625 584.986975097656 578.885659179688 577.497976074219 577.594274902344 582.822880859375 581.565852050781 579.603723144531 592.631875 594.484877929688 569.63677734375 568.840229492188 575.485400390625 552.251486816406 550.988291015625 545.776474609375 551.915998535156 534.774680175781 534.296357421875 537.972875976562 548.617458496094 530.675029296875 528.90857421875 519.445756835937
534.030451660156 568.335747070313 552.318852539063 524.788479003906 514.481380615234 510.277878417969 519.003557128906 526.306416015625 532.990698242187 546.533310546875 549.123542480469 542.556779785156 549.485295410156 557.502248535156 551.470073242187 559.071123046875 573.1268359375 579.361057128906 601.945451660156 613.495561523437 617.152934570312 622.772937011719 616.369357910156 605.599025878906 593.161530761719 581.183957519531 593.672387695313 583.775393066406 591.854790039063 608.658820800781 631.105642089844 647.517731933594 615.600412597656 587.423549804687 587.827648925781 583.46130859375 583.036958007812 562.142077636719 551.764758300781 539.769064941406 543.389401855469 551.5746484375 553.276408691406 552.082036132813 535.224838867187 540.917282714844 532.782453613281
504.060639648437 504.010048828125 502.515706787109 496.428370361328 496.688896484375 504.420554199219 515.367978515625 520.45443359375 523.423889160156 542.295966796875 542.088288574219 533.222604980469 536.36373046875 544.807185058594 559.59890625 572.408481445313 579.229892578125 589.097895507812 609.977585449219 618.26599609375 626.988186035156 624.677150878906 611.413088378906 612.10666015625 595.898928222656 583.483200683594 591.947863769531 600.6164453125 620.310639648437 649.957973632812 650.894755859375 649.480187988281 623.432878417969 592.096105957031 586.292341308594 588.710544433594 577.578854980469 589.290263671875 570.803989257813 544.928327636719 568.417446289062 565.266999511719 569.149645996094 549.024567871094 544.22978515625 543.22986328125 538.840844726563
495.534775797526 477.539461263021 475.263003700658 484.358235168457 494.807507324219 503.977017211914 526.923330688477 512.30173034668 513.07554473877 512.866471862793 518.427981567383 527.997424316406 538.788793945312 545.578067016602 557.009913853237 570.003327636719 583.344272460938 595.00333984375 604.282651367188 600.491870117188 596.889548339844 592.857377929687 591.057553710938 590.376682128906 590.989467773437 603.691333007813 599.357333984375 624.217053222656 642.025407714844 645.232602539063 613.661240234375 598.130495605469 597.299377441406 605.288896484375 584.269602050781 566.87521484375 600.580720214844 597.288376464844 559.033581542969 561.791918945313 585.728054199219 589.198361816406 561.315783691406 552.518479003906 555.70630859375 544.705329589844 528.190969238281
-9999 -9999 -9999 -9999 -9999 -9999 -9999 -9999 -9999 -9999 -9999 -9999 -9999 -9999 -9999 -9999 -9999 -9999 -9999 -9999 -9999 -9999 -9999 -9999 594.474365234375 610.89033203125 614.416687011719 631.2205078125 658.027026367188 649.049230957031 613.164135742187 583.905944824219 590.292431640625 592.004193987165 568.761315917969 583.718322753906 615.799951171875 586.108715820312 557.950817871094 570.329284667969 605.0353515625 598.619220440204 573.193212890625 574.351383463542 570.358353678385 556.379829915365 529.578348795573
-9999 -9999 -9999 -9999 -9999 -9999 -9999 -9999 -9999 -9999 -9999 -9999 -9999 -9999 -9999 -9999 -9999 -9999 -9999 -9999 -9999 -9999 -9999 -9999 -9999 -9999 -9999 -9999 -9999 -9999 -9999 -9999 -9999 -9999 -9999 -9999 -9999 -9999 -9999 -9999 -9999 -9999 -9999 -9999 -9999 -9999 -9999
-9999 -9999 -9999 -9999 -9999 -9999 -9999 -9999 -9999 -9999 -9999 -9999 -9999 -9999 -9999 -9999 -9999 -9999 -9999 -9999 -9999 -9999 -9999 -9999 -9999 -9999 -9999 -9999 -9999 -9999 -9999 -9999 -9999 -9999 -9999 -9999 -9999 -9999 -9999 -9999 -9999 -9999 -9999 -9999 -9999 -9999 -9999
-9999 -9999 -9999 -9999 -9999 -9999 -9999 -9999 -9999 -9999 -9999 -9999 -9999 -9999 -9999 -9999 -9999 -9999 -9999 -9999 -9999 -9999 -9999 -9999 -9999 -9999 -9999 -9999 -9999 -9999 -9999 -9999 -9999 -9999 -9999 -9999 -9999 -9999 -9999 -9999 -9999 -9999 -9999 -9999 -9999 -9999 -9999
-9999 -9999 -9999 -9999 -9999 -9999 -9999 -9999 -9999 -9999 -9999 -9999 -9999 -9999 -9999 -9999 -9999 -9999 -9999 -9999 -9999 -9999 -9999 -9999 -9999 -9999 -9999 -9999 -9999 -9999 -9999 -9999 -9999 -9999 -9999 -9999 -9999 -9999 -9999 -9999 -9999 -9999 -9999 -9999 -9999 -9999 -9999
-9999 -9999 -9999 -9999 -9999 -9999 -9999 -9999 -9999 -9999 -9999 -9999 -9999 -9999 -9999 -9999 -9999 -9999 -9999 -9999 -9999 -9999 -9999 -9999 -9999 -9999 -9999 -9999 -9999 -9999 -9999 -9999 -9999 -9999 -9999 -9999 -9999 -9999 -9999 -9999 -9999 -9999 -9999 -9999 -9999 -9999 -9999
-9999 -9999 -9999 -9999 -9999 -9999 -9999 -9999 -9999 -9999 -9999 -9999 -9999 -9999 -9999 -9999 -9999 -9999 -9999 -9999 -9999 -9999 -9999 -9999 -9999 -9999 -9999 -9999 -9999 -9999 -9999 -9999 -9999 -9999 -9999 -9999 -9999 -9999 -9999 -9999 -9999 -9999 -9999 -9999 -9999 -9999 -9999
