Rasters_Shapefiles/DEM.asc
NCOLS 171 
NROWS 108 
XLLCORNER 210004.651214014 
YLLCORNER 7285008.22228844 
CELLSIZE 4999.99999999998 
NODATA_value -9999 
[rows 42 to 62 of 108, columns 94 to 140 of 171]
233.405246582031 246.718039550781 260.949238891602 274.673016357422 288.250935058594 298.831362304688 316.054057617187 364.47123046875 369.063383789063 326.243588867187 299.585633544922 282.284150390625 241.276278076172 266.407811889648 275.769146728516 304.839528808594 332.060102539062 358.958602294922 356.165983886719 324.617222900391 292.403461914063 287.158231201172 297.887839355469 303.416763916016 307.899645996094 326.103204345703 377.7794140625 414.833817138672 443.883653564453 412.855444335937 387.49390625 405.622495117187 394.582386474609 395.881125488281 366.485433349609 331.338724365234 342.674803466797 350.023916015625 355.231645507813 361.987875976563 330.624974365234 324.479207763672 334.236142578125 324.427769775391 304.025700683594 279.435228271484 275.109825439453
231.008614501953 243.796130981445 257.396503295898 265.506151123047 277.026778564453 289.890687255859 304.824168701172 327.917624511719 338.099215087891 305.193498535156 277.935809326172 262.405693969727 257.19157409668 285.045184326172 304.519925537109 307.468471679688 330.3696875 360.089416503906 354.893073730469 357.834237060547 318.284616699219 296.649379882813 311.17103515625 324.603752441406 335.304342041016 346.548122558594 403.477690429688 418.687821044922 442.297121582031 395.465733642578 381.527332763672 412.395893554688 375.380590820312 400.312775878906 373.161405029297 361.029841308594 375.336162109375 391.6537109375 408.7934375 404.678660888672 369.158244628906 368.540770263672 357.277298583984 349.971687011719 316.277565917969 304.33421875 320.658289794922
239.291226806641 246.275039672852 257.968578491211 271.369464111328 283.085189208984 296.459084472656 318.206146240234 352.738126220703 354.724719238281 333.311993408203 298.558516845703 282.817673339844 263.671215209961 282.186162109375 326.662805175781 335.721412353516 348.978172607422 353.967203369141 336.22005859375 343.571103515625 312.25357421875 301.680067138672 325.804255371094 336.794505615234 366.286446533203 380.945299072266 418.982576904297 428.797590332031 407.613312988281 390.680891113281 378.004951171875 383.246606445313 366.002434082031 347.398039550781 339.894938964844 350.431662597656 397.985689697266 437.439064941406 439.075457763672 415.031865234375 414.959744873047 390.405595703125 388.964598388672 355.506999511719 330.183308105469 329.627351074219 357.560574951172
254.115906982422 257.400281982422 263.208295898437 276.988325195312 296.568868408203 299.978061523437 320.925466308594 363.097775878906 349.350627441406 359.613288574219 312.202316894531 287.239123535156 278.118735351563 281.049309082031 290.959033203125 311.123459472656 344.441965332031 363.450637207031 349.334986572266 342.071198730469 319.932379150391 313.224733886719 328.646151123047 365.320626220703 382.246525878906 405.342370605469 437.003571777344 427.182857666016 392.989938964844 375.246239013672 359.586286621094 363.835379638672 350.9814453125 336.943083496094 337.106834716797 348.364603271484 353.430174560547 409.156730957031 431.779670410156 424.886354980469 430.159040527344 400.232000732422 390.089427490234 352.869956054688 363.190844726562 360.391633300781 365.293103027344
261.429002685547 268.686342773438 275.024526367187 281.83826171875 299.060737304688 318.111691894531 323.251151123047 357.863404541016 345.890560302734 331.319028320312 307.990087890625 296.1176953125 294.947023925781 296.498001708984 291.633912353516 316.550998535156 351.209965820313 381.996838378906 382.519061279297 354.409038085937 324.357014160156 332.0634375 348.138828125 369.778634033203 433.399755859375 462.014606933594 461.441871337891 453.773966064453 395.638179931641 361.241237792969 365.166373291016 366.221124267578 347.15927734375 368.668109130859 362.887329101562 359.256480712891 346.853291015625 358.318614501953 363.126472167969 381.584791259766 426.42994140625 417.930445556641 407.805935058594 373.425874023437 388.53248046875 379.162490234375 353.608065185547
290.909150390625 279.529953613281 286.751624755859 290.492724609375 305.691608886719 336.903266601563 340.880916748047 345.554885253906 361.883062744141 359.077106933594 338.312487792969 326.22111328125 319.3444921875 309.224968261719 300.248872070312 326.729050292969 358.118856201172 389.811075439453 407.780986328125 377.699484863281 359.6188671875 350.668499755859 366.678579101562 399.700461425781 433.576097412109 480.010728759766 443.522553710937 424.609222412109 395.682797851562 364.763343505859 384.408549804687 376.442969970703 354.969677734375 375.813544921875 382.406361083984 375.578280029297 373.549034423828 373.533405761719 368.450456542969 385.370628662109 423.508914794922 431.858762207031 415.391153564453 400.508776855469 393.672728271484 374.058658447266 353.48171875
332.582390136719 299.3017578125 298.561391601562 303.645821533203 324.390180664062 353.887755126953 365.443861083984 359.025262451172 391.218968505859 387.856861572266 360.996048583984 337.085766601563 330.767354736328 311.195964355469 312.238842773438 331.18275390625 354.366218261719 397.806623535156 410.861003417969 403.479307861328 410.019161376953 383.980922851563 398.587371826172 429.383908691406 462.542286376953 450.536434326172 421.443081054688 409.74939453125 407.66568359375 370.711639404297 384.553377685547 360.850311279297 358.315037841797 362.5882421875 390.695367431641 383.253414306641 398.153059082031 407.090854492187 379.916702880859 392.133837890625 417.213184814453 417.745393066406 402.795638427734 397.518516845703 385.957960205078 353.5741796875 328.567177734375
397.483898925781 323.360942382812 317.645485839844 323.06052734375 336.218182373047 358.949504394531 371.42830078125 374.170446777344 398.677188720703 373.343519287109 354.669600830078 340.943131103516 325.066176757813 320.203464355469 328.844268798828 343.719919433594 364.214504394531 391.644973144531 418.549434814453 438.935053710937 433.29916015625 392.799375 457.252393798828 450.876459960937 490.465411376953 457.385080566406 498.294152832031 451.005368652344 390.506177978516 377.037133789063 373.896832275391 368.561762695312 382.037489013672 366.858818359375 379.413668212891 411.554490966797 409.954598388672 397.308670654297 402.817817382813 407.750051269531 409.442939453125 392.053869628906 382.437044677734 365.756081542969 359.363703613281 337.606091308594 327.493980712891
421.019245605469 348.651273193359 359.876888427734 349.142833251953 350.005048828125 367.450745849609 389.817846679687 402.790344238281 393.880177001953 380.107135009766 391.304342041016 362.977423095703 334.028410644531 331.963547363281 347.261771240234 359.928649902344 373.026651611328 398.306319580078 430.943959960937 449.830306396484 422.777658691406 412.694123535156 476.91271484375 472.565216064453 485.12328125 466.242457275391 476.515751953125 443.224982910156 391.085229492188 388.850837402344 393.460548095703 390.908682861328 410.186506347656 405.119174804687 405.390140380859 422.506112060547 446.640887451172 437.834964599609 442.287852783203 440.574073486328 428.926358642578 397.273486328125 387.979567871094 370.954404296875 358.722235107422 337.540772705078 345.786535644531
443.184946289063 397.983131103516 398.246762695312 399.192861328125 397.021735839844 389.933793945313 421.60037109375 437.199102783203 403.026868896484 418.290385742187 397.186381835937 365.829274902344 340.195660400391 343.179482421875 345.791143798828 358.667534179687 378.361705322266 397.342136230469 433.013188476563 461.60525390625 437.79185546875 424.556071777344 476.605124511719 487.987965087891 473.892731933594 456.679188232422 437.712830810547 454.721510009766 410.746462402344 413.953541259766 412.250179443359 441.996926269531 454.626839599609 435.308764648437 447.832860107422 459.562934570313 459.638895263672 439.631993408203 436.388253173828 418.996273193359 425.292445068359 409.690242919922 392.082186279297 372.70638671875 340.026466064453 357.953770751953 378.382239990234
458.154808349609 461.383319091797 456.587331542969 441.677210693359 458.864461669922 446.260416259766 482.592915039063 493.059595947266 443.851900634766 397.207091064453 376.478309326172 357.017690429687 353.558449707031 358.955908203125 366.346888427734 363.559321289062 370.632778320313 389.245698242187 419.248359375 452.814514160156 460.681789550781 456.1784765625 469.7227734375 487.067114257812 473.346850585937 469.730148925781 459.439752197266 465.328070068359 441.312459716797 472.107862548828 446.318829345703 471.320228271484 480.091953125 477.823598632812 485.928529052734 488.669161376953 460.119813232422 428.747884521484 415.723079833984 406.264134521484 407.364509277344 411.008942871094 386.350603027344 362.986750488281 350.968389892578 380.743873291016 378.882819824219
486.785510253906 490.177279052734 486.924670410156 499.860751953125 501.524145507812 504.35466796875 495.891071777344 464.373167724609 416.551827392578 390.142115478516 376.096348876953 366.859016113281 380.067027587891 389.620106201172 389.513074951172 381.013359375 380.891910400391 392.613876953125 413.58064453125 437.105703125 467.900648193359 483.268414306641 481.956440429688 493.256495361328 495.802348632812 480.085372314453 465.350133056641 497.570202636719 455.885205078125 502.102388916016 479.071320800781 495.395659179688 504.957719726563 496.391689453125 478.201719970703 480.279642333984 448.350395507812 438.975689697266 421.618970947266 402.518771972656 386.802583007812 413.154613037109 407.881977539063 365.616040039063 370.34642578125 394.185725097656 390.605145263672
480.560731201172 488.910174560547 502.876779785156 513.899709472656 514.718210449219 516.787297363281 515.529320068359 494.8210546875 470.748618164063 417.698935546875 392.338739013672 399.046916503906 429.180517578125 472.269016113281 419.275938720703 398.806975097656 396.784654541016 398.005404052734 410.743719482422 434.887141113281 471.497260742188 508.489838867187 499.254006347656 512.168168945312 495.74302734375 470.982749023438 491.957672119141 514.008985595703 479.329895019531 518.19623046875 511.606359863281 507.488703613281 500.033576660156 479.619987792969 459.826065673828 470.689184570312 454.830190429687 450.03681640625 431.783060302734 403.165612792969 387.933067626953 390.069079589844 387.787042236328 372.218477783203 415.098952636719 396.584967041016 399.092733154297
450.474719238281 469.581990966797 472.875424804687 482.502072753906 486.684790039062 487.758979492188 489.915184326172 483.193961181641 471.961060791016 464.680128173828 435.576820068359 466.441296386719 458.769451904297 486.798819580078 460.634676513672 428.225367431641 429.815717773437 433.271851806641 424.855393066406 447.428582763672 491.450526123047 505.550491943359 511.963394775391 514.47509765625 485.148809814453 481.033801269531 515.294921875 530.398056640625 528.221627197266 522.414610595703 499.852716064453 491.847431640625 486.053377685547 484.607491455078 467.071791992188 446.032092285156 433.383469238281 431.275133056641 415.014339599609 411.772645263672 398.021463623047 394.625864257813 382.966232910156 415.333654785156 412.656986083984 391.866496582031 394.719680175781
426.069338378906 434.589711914062 447.451091308594 454.582209472656 464.529978027344 469.546796875 465.599423828125 459.298673095703 468.630249023438 477.1208203125 465.967626953125 481.081136474609 514.249709472656 524.235700683594 506.088054199219 458.784422607422 463.134213867187 472.645084228516 472.414758300781 461.582705078125 473.603792724609 489.212326660156 514.971822509766 502.891759033203 489.014356689453 491.089605712891 497.903586425781 515.938416748047 529.18052734375 515.315230712891 499.818045654297 486.892150878906 473.550289306641 467.864191894531 461.337570800781 451.401540527344 427.770229492188 413.823051757812 403.661309814453 402.300521240234 386.237403564453 404.375535888672 419.860828857422 463.912877197266 411.623608398438 406.484024658203 399.807120361328
412.025877685547 416.718553466797 425.322927246094 430.872005615234 430.997547607422 432.920596923828 430.803189697266 429.837188720703 438.326005859375 445.214387207031 444.258243408203 466.377049560547 490.918029785156 519.90658203125 503.59865234375 491.058446044922 497.454495849609 509.376827392578 473.260163574219 465.328092041016 485.972028808594 514.066315917969 529.900422363281 519.0990234375 499.868746337891 513.863095703125 525.608460693359 529.312158203125 520.719790039062 515.598081054688 501.633073730469 485.838006591797 470.458479003906 456.274522705078 451.591268310547 445.487703857422 437.59853515625 423.889670410156 414.422171630859 410.978875732422 396.815377197266 410.527796630859 434.345916748047 460.236928710937 416.376199951172 407.777984619141 383.913531494141
411.102282714844 409.893032226563 412.749348144531 417.655902099609 417.097652587891 421.425469970703 420.398419189453 414.233489990234 412.822404785156 420.650422363281 423.907856445313 437.816088867187 458.191475830078 473.991651611328 474.295881347656 477.963004150391 472.885231933594 507.779554443359 482.745480957031 485.334924316406 497.802044677734 509.641015625 511.815885009766 516.636345214844 501.020270996094 515.971015625 526.782028808594 514.457667236328 509.000538330078 500.537172851563 487.585864257812 479.663292236328 466.758657226562 457.066954345703 453.783254394531 444.629536132813 430.027470703125 423.819090576172 422.239304199219 408.838630371094 407.6178125 427.283677978516 452.257211914063 445.049688720703 417.384143066406 402.91111328125 397.944903564453
425.145122070312 413.884691162109 411.662414550781 416.992183837891 410.920251464844 413.237033691406 409.960393066406 408.282222900391 408.540404052734 409.044333496094 410.45701171875 415.785225830078 423.089345703125 434.020682373047 439.00083984375 445.548638916016 450.828062744141 466.330635986328 456.1684765625 460.723004150391 471.339287109375 493.323255615234 501.306656494141 488.732484130859 493.612523193359 530.797327880859 532.270393066406 512.986768798828 496.598577880859 487.493201904297 477.762044677734 470.347846679688 469.8898828125 467.003675537109 466.932984619141 453.823680419922 440.512335205078 436.354750976563 425.751363525391 422.820509033203 416.224450683594 424.124327392578 454.225738525391 432.589412841797 424.963350830078 422.917271728516 403.604165039062
453.302728271484 440.099152832031 434.328267822266 426.942828369141 415.738837890625 410.928040771484 408.869011230469 408.575203857422 408.323913574219 408.416251220703 408.77921875 408.773353271484 409.425590820312 411.458421630859 413.907319335937 418.833597412109 422.145185546875 426.002270507813 427.715389404297 432.775935058594 442.322198486328 464.643376464844 474.601409912109 476.431456298828 509.820246582031 510.963707275391 542.993493652344 510.677701416016 492.784982910156 480.306458740234 473.859851074219 476.260541992187 482.207637939453 490.147331542969 483.020939941406 460.475220947266 453.627969970703 448.144400634766 447.838431396484 438.534124755859 443.982264404297 434.439720458984 452.805734863281 440.788991699219 427.594909667969 415.442963867187 401.602142333984
618.100668945312 539.812976074219 486.381951904297 464.805229492187 439.757707519531 424.783491210937 416.902895507813 409.865635986328 408.604981689453 408.805550537109 408.885869140625 408.937331542969 408.962219238281 409.034460449219 408.473254394531 408.371180419922 408.671038818359 409.253679199219 412.329038085937 418.350115966797 424.282652587891 428.798570556641 435.882904052734 450.062653808594 480.180272216797 498.081724853516 525.935694580078 501.184090576172 479.883674316406 470.795834960937 474.709010009766 489.57744140625 498.133902587891 501.730349121094 487.727370605469 466.714448242187 468.168961181641 464.16658203125 460.566441650391 449.103917236328 454.995615234375 463.949913330078 457.640552978516 442.741960449219 428.714184570313 404.373465576172 399.529233398437
769.138903808594 710.126396484375 648.961389160156 549.798446044922 502.936953125 464.767917480469 438.07841796875 416.297761230469 409.602150878906 410.548381347656 411.449182128906 411.635314941406 412.165808105469 411.357412109375 410.094858398438 409.054913330078 407.994230957031 407.556291503906 407.487135009766 408.521263427734 411.863760986328 418.400377197266 426.039693603516 434.683311767578 447.196551513672 473.058763427734 500.713319091797 487.989553222656 466.733188476562 468.720249023437 486.318278808594 492.785079345703 495.730975341797 498.518414306641 487.103959960938 477.018961181641 485.042266845703 475.841151123047 482.330347900391 463.619138183594 466.557143554688 465.665269775391 447.960068359375 430.364862060547 423.651912841797 412.352513427734 416.893359375
