Rasters_Shapefiles/SOMO29.asc
NCOLS 171 
NROWS 108 
XLLCORNER 210004.651214014 
YLLCORNER 7285008.22228844 
CELLSIZE 5000 
NODATA_value -9999 
[rows 60 to 79 of 108, columns 92 to 137 of 171]
0.410098139047623 0.400227243900299 0.396711274385452 0.392846721410751 0.391196600198746 0.389352215528488 0.38729695558548 0.385690225362778 0.38450953245163 0.383921562433243 0.38388721704483 0.383696604967117 0.383436285257339 0.383072726726532 0.382883894443512 0.38264864563942 0.382624534368515 0.382678447961807 0.382634012699127 0.382527803182602 0.382392154932022 0.383473864793777 0.385842769145966 0.390679702758789 0.395554310083389 0.397274271249771 0.403615779876709 0.406525772809982 0.413195630311966 0.410277523994446 0.408704084157944 0.407911803722382 0.40726904630661 0.407708430290222 0.407980350255966 0.408877789974213 0.407118656635284 0.403532218933105 0.402374724149704 0.40105742931366 0.401550750732422 0.400212901830673 0.401182209253311 0.399576303958893 0.403117657899857 0.401011321544647
0.408243222236633 0.408055700063705 0.412901835441589 0.400310305356979 0.393481343984604 0.390053944587708 0.385820339918137 0.383813778162003 0.382549517154694 0.381415634155273 0.380926929712296 0.380633186101913 0.380326592922211 0.380177624225616 0.379965107440948 0.379539723396301 0.378939318656921 0.378633562326431 0.378245416879654 0.378070574998856 0.378314054012299 0.3793212890625 0.381051621437073 0.383374294042587 0.386022080183029 0.389702254533768 0.395171903371811 0.399702277183533 0.404017028808594 0.402152727842331 0.399843107461929 0.399765985012054 0.400848697423935 0.403183695077896 0.404439190626144 0.404691696166992 0.402001680135727 0.398572926521301 0.398880486488342 0.397345467805862 0.397774859666824 0.396251974105835 0.39691973567009 0.398734455108643 0.39793460726738 0.3963170170784
0.405566320419312 0.412043355703354 0.421158210039139 0.413283103704453 0.406479216814041 0.395413995981216 0.389531483650208 0.38500018954277 0.381817361116409 0.378903231620789 0.377911479473114 0.377784999608994 0.377633392810822 0.377558931112289 0.37749162197113 0.377116969823837 0.376594144105911 0.375933384895325 0.375401546955109 0.375165632963181 0.375291516780853 0.375816906690598 0.376861559152603 0.378696876764297 0.38081000328064 0.383272231817245 0.386318905353546 0.390730078220367 0.395378322601318 0.394708456993103 0.392057880163193 0.393012937307358 0.396209142208099 0.397963252067566 0.398049937486649 0.398273769617081 0.396290752887726 0.394844973087311 0.395472401380539 0.393257793188095 0.394946866035461 0.392102115154266 0.393191323280334 0.393135699033737 0.390955367088318 0.389067752361298
0.404503307342529 0.406806228160858 0.414397027492523 0.413119583129883 0.412446137666702 0.410479962825775 0.39895191192627 0.389754275083542 0.383947666883469 0.378135342597961 0.375731511116028 0.374981184005737 0.375170495510101 0.375360040664673 0.375350028276443 0.3749786901474 0.374390280246735 0.373716750144958 0.373197700977325 0.372899622917175 0.37286257147789 0.37305147767067 0.373447276353836 0.374488773345947 0.375797263383865 0.377255520820618 0.379202008247375 0.38382541179657 0.387929018735886 0.388717125654221 0.385421348810196 0.387183072566986 0.38960128903389 0.389953643083572 0.39050453543663 0.391461166143417 0.392652798891068 0.39221221446991 0.391402580738068 0.390909335613251 0.392975288629532 0.389685317277908 0.389422318935394 0.386074680089951 0.385588928461075 0.384820086956024
0.409078537225723 0.403494094610214 0.400079991817474 0.401360412836075 0.401073077917099 0.405395629405975 0.402905477285385 0.397870403528214 0.398824628591538 0.385935431718826 0.378011525869369 0.373780590295792 0.372574903964996 0.373203037977219 0.373457261323929 0.373178898096085 0.372659125328064 0.371913704872131 0.371324660778046 0.370770384073257 0.370574717521667 0.370531665086746 0.370589950084686 0.370856837034225 0.37126318693161 0.371941953897476 0.372959439754486 0.375365227460861 0.378420195579529 0.380334208011627 0.381025015115738 0.383007481098175 0.384356116056442 0.383594415187836 0.384657652378082 0.385952332019806 0.387365003824234 0.387474818229675 0.388568325042725 0.388486824035645 0.388551254272461 0.388233402967453 0.384791929721832 0.384318705797195 0.383937969207764 0.380950154066086
0.403996578454971 0.396721017360687 0.394872481822968 0.394238951206207 0.393429269790649 0.396322039365768 0.397550210952759 0.400246636867523 0.397445050477982 0.392332062721252 0.387865439653397 0.377947226762772 0.372180070877075 0.371026791334152 0.371586563587189 0.371576609611511 0.370918875932693 0.370022157430649 0.36927675485611 0.368658013343811 0.368142312765121 0.367832483053207 0.367727162837982 0.367606397867203 0.367549540996552 0.368102176189423 0.368251248598099 0.369260523319244 0.371173489093781 0.373323785066605 0.378239772319794 0.379526561498642 0.380071909427643 0.378376154899597 0.379103354215622 0.38142221570015 0.382353179454803 0.381700104475021 0.383248971700668 0.38400261759758 0.38414938211441 0.382263458967209 0.381687353849411 0.380337034463882 0.378323962688446 0.376910539865494
0.39507141828537 0.390776118040085 0.391097693443298 0.389641355276108 0.388483973741531 0.388715258836746 0.390390450954437 0.390707405805588 0.385749272108078 0.387826229333878 0.388088473081589 0.391021060943604 0.378253556489944 0.370016041994095 0.369766265153885 0.369547004699707 0.368683435916901 0.36778688788414 0.367013522386551 0.366194877624512 0.365512542724609 0.365188517570496 0.364920893907547 0.364601420164108 0.364374166727066 0.364446228742599 0.36441911816597 0.365048404932022 0.36641223192215 0.368305420875549 0.369762953519821 0.372472240924835 0.374282243251801 0.372915363311768 0.374528133869171 0.374820103645325 0.376132187843323 0.377017157077789 0.378255908489227 0.379364795684814 0.380448307991028 0.37901478767395 0.378063955307007 0.375089316368103 0.373410375118256 0.373330209255218
0.390424135923386 0.390125312805176 0.390364058017731 0.386310802698135 0.383345093727112 0.382370822429657 0.381014610528946 0.381094805002213 0.378386307954788 0.380336766242981 0.379756810665131 0.382531691789627 0.382200198173523 0.371200567483902 0.368296564817429 0.367037019729614 0.366130486726761 0.365271724462509 0.364604716300964 0.363701555728912 0.363100962638855 0.362884646654129 0.362354242801666 0.362066080570221 0.361886063814163 0.361864416599274 0.361738320589066 0.361820890903473 0.362451281547546 0.363518574237823 0.364537966251373 0.365576376914978 0.366410752534866 0.367333544492722 0.368533397912979 0.369323807954788 0.370515733957291 0.371559981107712 0.373518277406693 0.374702750444412 0.375903933048248 0.377406828403473 0.373886857032776 0.371199296712875 0.369710913896561 0.370936965942383
0.384091873168945 0.385480140447617 0.380809255838394 0.379117959737778 0.38009441614151 0.379556266069412 0.376248809099197 0.374449822902679 0.37543284535408 0.374059942960739 0.375191235542297 0.371981365680695 0.373344138860703 0.368238165378571 0.369816695451736 0.36642921090126 0.363976627588272 0.363047833442688 0.362322543859482 0.361897691488266 0.361291799545288 0.361093680858612 0.359998826980591 0.359793614149094 0.359663844108582 0.359617414474487 0.3594280564785 0.359272023439407 0.359333691596985 0.359676675796509 0.360156208276749 0.360795189142227 0.361527676582336 0.362650718688965 0.364039472341537 0.365194642543793 0.366291892528534 0.367178299427032 0.369516067504883 0.370931710004807 0.371574585437775 0.372531299591064 0.368921099901199 0.366899793148041 0.368432261943817 0.368106657266617
0.381965534687042 0.378346500396729 0.375298122167587 0.379623128175735 0.381042469739914 0.382891880273819 0.377732667922974 0.379137943983078 0.376615325212479 0.369950035810471 0.369029601812363 0.366980060338974 0.365521714687347 0.364685924053192 0.3670143866539 0.37110226392746 0.363856852054596 0.360959515571594 0.359938204288483 0.359091157913208 0.358423713445663 0.357952924966812 0.357674918174744 0.3575424015522 0.357428085803986 0.357298951148987 0.357046884298325 0.35699422121048 0.35674632191658 0.356577503681183 0.356430311203003 0.356723557710648 0.357407491207123 0.358550013303757 0.359786559343338 0.361051001548767 0.362164007425308 0.363581531047821 0.365534759759903 0.365850481986999 0.367439634799957 0.367632938623428 0.36506420135498 0.363074235916138 0.364024597406387 0.365029374361038
0.3754714012146 0.377154220342636 0.37595311164856 0.38410337805748 0.378260921239853 0.38355966925621 0.384890072345734 0.386146440505981 0.380018095970154 0.370542396306992 0.370808002948761 0.367625745534897 0.362727965116501 0.366958785057068 0.36685883641243 0.364610545635223 0.364144914150238 0.360083930492401 0.357534633874893 0.356431028842926 0.356005499362946 0.355614632368088 0.355371392965317 0.355310634374619 0.355258077383041 0.355208534002304 0.354906314611435 0.354573715925217 0.354322326183319 0.353841482400894 0.353417899608612 0.353716037273407 0.354455125331879 0.355039478540421 0.356000617742538 0.357327305078506 0.358379509449005 0.36033837556839 0.361980217695236 0.362036561965942 0.362260043621063 0.362581993341446 0.361801364421844 0.360647394657135 0.360152784585953 0.359602254629135
0.364825778007507 0.36596818447113 0.368371610641479 0.376258845329285 0.382310976982117 0.38452440738678 0.375863448381424 0.375527373552322 0.370093113183975 0.371667685508728 0.369735643863678 0.3639169049263 0.365372396707535 0.371400167942047 0.367878792285919 0.364560290575027 0.364901766777039 0.36062571644783 0.356907064914703 0.354381828308105 0.353745049238205 0.353240625858307 0.352856813669205 0.352956941127777 0.353065485954285 0.353096959590912 0.35286811709404 0.352494004964828 0.351940457820892 0.351263006925583 0.350507185459137 0.350736644268036 0.351611173152924 0.352151181697845 0.352906262874603 0.353910139799118 0.355263928174973 0.356710730791092 0.357379664182663 0.35819878578186 0.35686204791069 0.357167472839355 0.357223893404007 0.357295721769333 0.355789933204651 0.354366407394409
0.366781203746796 0.362096685171127 0.36194221496582 0.364070892333984 0.369433469772339 0.369566801786423 0.364726055860519 0.363453704118729 0.360165388584137 0.363082513809204 0.362325203418732 0.361346749067307 0.369800279140472 0.368849489688873 0.365104476213455 0.364255665540695 0.366110657453537 0.362595834732056 0.35641125202179 0.353202514648437 0.351438231468201 0.350686249732971 0.350621004104614 0.350879778862 0.350964254140854 0.35099800825119 0.350927275419235 0.350581940412521 0.34976861000061 0.349336392879486 0.348278458118439 0.348286502361298 0.349119913578033 0.349940204620361 0.350402224063873 0.351458883285522 0.352606110572815 0.353352338075638 0.353759438991547 0.354453716278076 0.355732338428497 0.357535150051117 0.353732501268387 0.353051627874374 0.351897637844086 0.352318252325058
0.360971429347992 0.358463213443756 0.354856767654419 0.360225262641907 0.367190752029419 0.36898161649704 0.36364915728569 0.363387330770493 0.362160744667053 0.356657589673996 0.356947396993637 0.360505517721176 0.363564283847809 0.370357272624969 0.370477174520493 0.363975900411606 0.368546547889709 0.366034355163574 0.364797414541244 0.355385774374008 0.350490785837173 0.349477393627167 0.348774275779724 0.348852785825729 0.34905711889267 0.349263386726379 0.349127330780029 0.348750990629196 0.348087803125381 0.347698347568512 0.346832981109619 0.346841121912003 0.347366302013397 0.347917455434799 0.348600755929947 0.349072107076645 0.349979684352875 0.350510938167572 0.351159759759903 0.351971243619919 0.353869485855103 0.351876808404922 0.349647336006165 0.348759734630585 0.349008831977844 0.350245337486267
0.349530289173126 0.350620809793472 0.350589557886124 0.353469611406326 0.366528207063675 0.358578577041626 0.355336377620697 0.358419778347015 0.358192487955093 0.357312215566635 0.355198959112167 0.361632713079452 0.367319377660751 0.371417742967606 0.364792546033859 0.365658991336823 0.369252238273621 0.364753006696701 0.363147112131119 0.356605354547501 0.355684423446655 0.35108614563942 0.347291104793549 0.34692803144455 0.347155349254608 0.347477644681931 0.347670340538025 0.347130193710327 0.346511560678482 0.346392389535904 0.345755211114883 0.345632628202438 0.345824413299561 0.346468796730041 0.347265092134476 0.347642092704773 0.347881667613983 0.348384174108505 0.349011195898056 0.348875198364258 0.349043622016907 0.347241311073303 0.346755787134171 0.345689400434494 0.345387177467346 0.346807415485382
0.346762111186981 0.350223244428635 0.350979053974152 0.353874477148056 0.35382287144661 0.351346461772919 0.353616338968277 0.352345796823502 0.352812451124191 0.352256661653519 0.35481759428978 0.359188606739044 0.357263734340668 0.360312134027481 0.362758328914642 0.36343594789505 0.363173892498016 0.359302140474319 0.355087996721268 0.355053392648697 0.35390126824379 0.349472767114639 0.348131422996521 0.345675506591797 0.345675140619278 0.345842298269272 0.345880155563354 0.34542564034462 0.344967988729477 0.344790134429932 0.344341118335724 0.344590508937836 0.344885896444321 0.345615336894989 0.346331431865692 0.346651395559311 0.347079042196274 0.347010635137558 0.34753909111023 0.347145578861237 0.346590496301651 0.345669125318527 0.344952961206436 0.343427925109863 0.342171913385391 0.340896896123886
0.34487588763237 0.343797129392624 0.347111424207687 0.352266249656677 0.351098600625992 0.350334179401398 0.351772308349609 0.349894144535065 0.349579513072968 0.349133464097977 0.351169716119766 0.353487337827682 0.35496436715126 0.356257666349411 0.358373341560364 0.360360448360443 0.359754304885864 0.357915370464325 0.355977045297623 0.356675307750702 0.356269875764847 0.352457336187363 0.348356142044067 0.347819080352783 0.345465236902237 0.344318077564239 0.344251335859299 0.344014178514481 0.343736271858215 0.34322615981102 0.343353598117828 0.344031633138657 0.344558790922165 0.345122938156128 0.345360758304596 0.345939522981644 0.346421005725861 0.346545932292938 0.346903977394104 0.346686865091324 0.346272220611572 0.345369302034378 0.344082489013672 0.342993912696838 0.341642864942551 0.341007585525513
0.336050705909729 0.339285786151886 0.344146822690964 0.349215556383133 0.349450269937515 0.348492758274078 0.346982340812683 0.34737299323082 0.348454066514969 0.349704024791718 0.349643911123276 0.350430467128754 0.351730204820633 0.354193736314774 0.356949461698532 0.357435376644134 0.355663130283356 0.35609805226326 0.357212771177292 0.356904637813568 0.353875700235367 0.349289383888245 0.352580569982529 0.348055657148361 0.344621292352676 0.342640322446823 0.342658008337021 0.34246945977211 0.342045425176621 0.342367572784424 0.342930846214294 0.343432064056396 0.344244558811188 0.344710583686829 0.345511778593063 0.3462584233284 0.345985040664673 0.347620171308517 0.34672879576683 0.346995124816895 0.346525939702988 0.345648448467255 0.34438468337059 0.343253973722458 0.342646238803864 0.342802337408066
0.349648550748825 0.347870374917984 0.347684346437454 0.348744140863419 0.350975860357285 0.353113453388214 0.350613294839859 0.348505749702454 0.346647298336029 0.34732793211937 0.346732488870621 0.346238276958466 0.347587220668793 0.349967994689941 0.350868263244629 0.351855165958405 0.352685133218765 0.357801643610001 0.353949761390686 0.351227533817291 0.348490325212479 0.347014393806458 0.34582205414772 0.344465633630753 0.342986843585968 0.341984548568726 0.341750164031982 0.34083265542984 0.341468640565872 0.341655987501144 0.342299673557281 0.342891184091568 0.343943656682968 0.344481782913208 0.345484273433685 0.346208251714706 0.345360077619553 0.346829663515091 0.347935236692429 0.349242976903915 0.347853600978851 0.346622333526611 0.346184513568878 0.345130888223648 0.344713604450226 0.344995293617249
0.348669707775116 0.341686111688614 0.344543089866638 0.340686355829239 0.345454034805298 0.340460721254349 0.340162596702576 0.342985320091248 0.339458222389221 0.339334006309509 0.34704426407814 0.346221722364426 0.350074461698532 0.353678985834122 0.355578100681305 0.349213374853134 0.35132963180542 0.356390948295593 0.352969385385513 0.350231549739838 0.346716204881668 0.346998161077499 0.346242032051086 0.344070197343826 0.340108245611191 0.339449956417084 0.341840327978134 0.340614125728607 0.341939450502396 0.341785725355148 0.342360852956772 0.342353322505951 0.343221312761307 0.344185900688171 0.344998999834061 0.34549223780632 0.345549167394638 0.345870229005814 0.3488234770298 0.351572421789169 0.350659984350204 0.348019803762436 0.348187181949615 0.347377144098282 0.34716668844223 0.34798557639122
