Rasters_Shapefiles/SOMO31.asc
NCOLS 171 
NROWS 108 
XLLCORNER 210004.651214014 
YLLCORNER 7285008.22228844 
CELLSIZE 5000 
NODATA_value -9999 
[rows 84 to 104 of 108, columns 94 to 140 of 171]
68.9376989746094 69.2882363891602 69.2562692260742 69.2659036254883 69.1645501708984 68.8506015014648 69.0057043457031 69.4327014160156 69.6304968261719 69.7921047973633 70.0193209838867 70.0642016601562 70.781481628418 71.2426586914062 71.7210638427734 71.9970864868164 72.2574127197266 72.6758596801758 73.3426947021484 74.0811764526367 74.5554663085938 74.9319012451172 75.4307717895508 75.4484771728516 75.3137661743164 75.8462466430664 75.7779635620117 76.3824081420898 76.7472442626953 77.6303268432617 77.5437210083008 79.1522418212891 79.7469161987305 79.9956085205078 80.790739440918 81.1963024902344 81.4965921020508 81.7418594360352 81.9774008178711 82.4252423095703 83.1681405639648 83.5876263427734 83.1404916381836 81.7239849853516 80.3077996826172 81.063701171875 81.7838955688477
69.6440853881836 69.7693295288086 69.7132440185547 69.6234140014648 69.6314443969727 69.8265026855469 69.8664654541016 69.8748992919922 69.8911428833008 69.8774578857422 70.2152954101562 70.5179544067383 70.9199755859375 71.1692337036133 71.4886016845703 71.974619140625 72.4626818847656 72.9290127563477 73.4004016113281 73.7998498535156 73.8559936523438 74.381960144043 74.8441958618164 74.894953918457 74.6128045654297 74.5201895141602 74.9105407714844 75.021653137207 76.1363845825195 76.844528503418 76.9647012329102 78.2133743286133 78.5666247558594 79.1532543945312 79.7251821899414 80.3753378295898 80.5693511962891 80.4544198608398 80.5705044555664 80.6956649780273 81.7434884643555 82.2532675170898 81.9643060302734 80.3830236816406 80.7878344726562 80.8400454711914 81.8298138427734
69.8804946899414 69.7499618530273 69.6521875 69.6546792602539 69.8796417236328 69.9811196899414 69.6822863769531 69.6797900390625 69.8408038330078 69.9255206298828 70.0747592163086 70.1609854125977 70.6326678466797 70.9662057495117 71.3336944580078 71.6721783447266 72.0036837768555 72.5250814819336 73.0616845703125 73.2508239746094 73.4051647949219 73.7989407348633 74.2686126708984 74.2738491821289 74.2544647216797 74.3371490478516 74.1536270141602 74.2708865356445 75.3024298095703 76.3937564086914 77.0774667358398 77.6418670654297 77.9555261230469 78.3928536987305 78.7598449707031 79.2836462402344 79.5208233642578 79.632216796875 79.1956149291992 79.735849609375 80.4825787353516 80.7128451538086 79.9726937866211 79.3114657592773 80.4705917358398 80.9517791748047 81.4221743774414
69.7353973388672 69.5868206787109 69.633303527832 69.7380004882812 69.9080834960938 69.8172869873047 69.4886242675781 68.6183343505859 69.0390234375 69.5075378417969 69.4189157104492 69.6833508300781 69.958408203125 70.1990817260742 70.7408364868164 71.2210034179687 71.6635739135742 72.1624945068359 72.6294396972656 72.6351251220703 72.433655090332 73.1320159912109 73.730319519043 73.8092388916016 73.6956182861328 73.6860733032227 73.8357565307617 73.6863195800781 74.732939453125 75.6637710571289 76.2954852294922 76.8910375976563 76.9688558959961 77.3333096313477 77.8578784179687 78.2336404418945 78.2459765625 78.5955352783203 79.1695324707031 79.4322799682617 79.1706011962891 79.1517944335938 78.3793948364258 78.9827230834961 79.8759545898437 80.3905361938477 80.7098577880859
69.6666278076172 69.6190731811523 69.6880490112305 69.808547668457 69.826266784668 69.2083047485352 68.3760339355469 68.0615826416016 68.3047952270508 68.9864581298828 69.0975787353516 69.5482931518555 69.8632650756836 69.8814031982422 70.3678500366211 70.715793762207 71.3357333374023 71.9210543823242 72.1503356933594 72.1323788452148 72.3939276123047 72.7776318359375 73.1307553100586 73.1338616943359 73.0432299804688 73.1456872558594 73.1276910400391 72.9387017822266 73.6668978881836 74.4862615966797 75.3223815917969 75.9470663452149 75.8512338256836 76.2094110107422 76.7934234619141 77.2312869262695 77.2161685180664 77.9025375366211 78.8552926635742 79.2775143432617 79.38626953125 79.4330154418945 79.4256753540039 77.955595703125 78.4343533325195 80.2330877685547 80.6179556274414
69.4591278076172 69.6186587524414 69.6587384033203 69.6999356079102 69.2685638427734 67.7725534057617 68.0259503173828 69.006408996582 68.4452801513672 67.8558334350586 69.2083755493164 69.7876306152344 69.7995443725586 70.06044921875 70.1070755004883 70.6758648681641 71.1950146484375 71.6290292358398 71.5795788574219 71.4767080688477 71.819294128418 72.2059884643555 72.4657382202148 72.640403137207 72.1079177856445 71.9509124755859 72.4114178466797 72.7988900756836 73.0110418701172 73.6846670532227 74.3003817749023 74.988000793457 75.7116259765625 75.9359844970703 76.6232223510742 77.037333984375 76.9281729125977 77.3082067871094 78.2235577392578 79.1638977050781 79.4728042602539 78.9547872924805 79.3164193725586 77.9045550537109 78.0673709106445 79.6659417724609 80.8179354858398
69.3213055419922 69.5357476806641 69.5666027832031 69.4641488647461 68.7855816650391 67.926051940918 68.8932559204102 69.1589788818359 68.7204528808594 68.5293325805664 68.7504931640625 69.7974981689453 70.06595703125 69.9269509887695 69.9048895263672 70.3752389526367 70.9308145141602 70.8927130126953 71.0947155761719 70.8743954467773 71.3888745117188 71.5713586425781 71.6601443481445 71.8424700927734 71.7127670288086 72.1998663330078 72.4881042480469 72.7300985717773 73.0991384887695 73.4076718139648 73.8883651733398 74.4198910522461 75.4331036376953 75.9940545654297 76.4685317993164 76.5912725830078 76.6372979736328 76.5772076416016 77.7061318969726 78.5505798339844 79.0372058105469 79.2607214355469 79.2126293945312 78.288786315918 78.9824243164063 79.6486581420898 80.4385531616211
69.4059191894531 69.4111752319336 69.4189215087891 69.271376953125 68.5399859619141 68.7405123901367 68.9761370849609 69.2984899902344 69.4648791503906 69.3880715942383 69.8375381469727 69.959479675293 69.5355014038086 69.4800695800781 70.1933963012695 70.3319522094727 70.7087872314453 70.6398263549805 70.5440298461914 70.4323446655273 70.8359811401367 70.9555120849609 71.0906509399414 71.2800601196289 71.5895812988281 72.2065200805664 72.4971130371094 72.7347589111328 73.1746105957031 73.4852777099609 74.0472500610352 74.6348791503906 75.3099682617188 75.8142654418945 76.2277230834961 76.4589364624023 76.5105270385742 76.2279077148438 77.0022763061523 77.5662329101562 77.6079656982422 77.7508526611328 79.1899136352539 79.1073245239258 79.5803753662109 80.2992642211914 80.432265625
69.3206066894531 69.2853210449219 68.9454391479492 68.6882064819336 68.5214395141601 69.1763217163086 69.3338793945313 69.5155410766602 69.7219311523438 69.6616012573242 69.8694738769531 69.4142330932617 68.9897723388672 69.4167135620117 70.3158499145508 70.362375793457 70.7309399414062 70.6734356689453 70.6422055053711 70.5151306152344 70.5615548706055 70.6563562011719 70.9671224975586 71.2792272949219 71.4995031738281 72.1416897583008 72.4480014038086 72.7468627929688 73.0942581176758 73.5399877929687 73.9496224975586 74.3603201293945 74.699123840332 75.1950842285156 75.6516217041016 76.0996887207031 75.9679180908203 75.9236947631836 75.8159719848633 76.2418539428711 76.4469192504883 77.1530569458008 78.4131344604492 79.1205563354492 78.911608581543 78.652551574707 78.9618576049805
69.1588552856445 68.710852355957 68.0972116088867 67.8931890869141 68.5636724853516 69.1700646972656 69.437942199707 69.6194985961914 69.6517416381836 69.659853515625 69.3346017456055 69.3603634643555 69.8474569702149 70.1916659545898 70.5206414794922 70.8033123779297 70.8501406860352 70.7322174072266 70.627424621582 70.3752862548828 70.4182287597656 70.667177734375 70.8387564086914 71.0021212768555 71.1666009521484 71.9558877563476 72.3048773193359 72.6058435058594 72.8595361328125 73.0048645019531 73.4560543823242 73.5179879760742 73.7047082519531 74.4235803222656 74.9794052124023 75.3335726928711 75.9272146606445 75.9282690429688 76.0317672729492 75.8044635009766 77.2146209716797 77.7831140136719 78.2616131591797 77.9247183227539 77.9738226318359 78.7519998168945 78.9996298217773
68.5777792358398 67.6895498657227 67.6627380371094 68.3913909912109 68.7071752929688 69.1249597167969 69.2896990966797 69.3365567016602 69.3364297485352 69.4382608032227 69.3535119628906 69.6840454101562 70.053630065918 70.1908932495117 70.6024514770508 70.9302752685547 70.9622833251953 70.7988357543945 70.630964050293 70.3857763671875 70.2012612915039 70.387375793457 70.5166348266602 70.7619772338867 71.0289755249024 71.5989990234375 71.7255596923828 71.9546469116211 72.112409362793 72.1724377441406 72.3606604003906 72.1630758666992 72.5163500976562 73.6963479614258 74.0939212036133 74.1715896606445 75.301506652832 75.6173742675781 76.1475759887695 76.1297622680664 76.9525250244141 77.1828897094727 77.1740020751953 76.9650149536133 77.6628396606445 77.6862200927734 78.2664025878906
68.3316815185547 67.6755438232422 67.8850988769531 68.3766506958008 68.8524859619141 69.0685479736328 68.9702758789062 69.0301220703125 69.1132696533203 68.9952926635742 68.8724395751953 69.6935473632813 69.8765142822266 70.0887051391602 70.5847384643555 70.6945083618164 70.6940823364258 70.526692199707 70.0730877685547 69.8254473876953 69.7158038330078 69.5904598999023 69.757253112793 69.9992468261719 70.3567840576172 70.9766070556641 70.8325979614258 71.2062878417969 71.1893011474609 70.6332781982422 70.0527420043945 70.0017431640625 71.182864074707 72.5634884643555 72.811081237793 73.302038269043 73.6944677734375 74.698076171875 75.3225454711914 75.9714218139648 76.0074407958984 75.9297613525391 76.0003115844727 76.2091058349609 76.927444152832 76.7052801513672 77.1026187133789
68.7004541015625 68.7875994873047 68.6346215820312 68.8282989501953 68.85470703125 68.7179696655273 68.6079373168945 68.7083782958984 68.8696368408203 68.6714617919922 68.9314901733398 69.4970886230469 69.7483865356445 69.9558355712891 69.9852905273438 70.0736935424805 70.2823880004883 70.0947369384766 69.5847210693359 69.267477722168 69.0912606811523 69.1207452392578 69.5904965209961 69.4783294677734 69.9319549560547 70.3391833496094 70.4094519042969 70.2662054443359 69.7905020141602 69.0381924438477 69.4162698364258 69.6160906982422 70.6254531860352 72.00255859375 72.4343075561523 72.6962536621094 73.412268371582 73.1832989501953 74.0485641479492 75.2369735717773 74.6008895874023 74.8496200561523 74.8659671020508 75.7439016723633 75.9818869018555 76.0534240722656 76.3104598999023
68.6991439819336 68.9879130045573 68.9338535509611 68.8440830230713 68.6664493560791 68.3378170013428 67.9725482940674 68.4477333068848 68.6909046173096 68.9181884765625 69.0718601226807 69.1279167175293 69.2334316253662 69.4341091156006 69.611206417992 69.6611340332031 69.5981329345703 69.3878927612305 69.2766873168945 69.209853515625 69.3354876708984 69.4572149658203 69.5758203125 69.6346493530273 69.7170220947266 69.3309063720703 69.6406576538086 69.0800979614258 68.7617239379883 68.9511074829102 70.1172937011719 70.7442770385742 71.0373519897461 71.0903704833984 72.0171472167969 72.8392999267578 71.9565316772461 72.3308813476562 73.9228295898437 74.0697152709961 73.4431240844727 73.4754525756836 74.5116851806641 75.0372006225586 75.028391418457 75.4041793823242 76.1160195922852
-9999 -9999 -9999 -9999 -9999 -9999 -9999 -9999 -9999 -9999 -9999 -9999 -9999 -9999 -9999 -9999 -9999 -9999 -9999 -9999 -9999 -9999 -9999 -9999 69.343879699707 68.9261352539063 68.9984451293945 68.5692276000977 67.932487487793 68.4366760253906 69.7503265380859 70.8661880493164 70.9819046020508 71.1197215488979 72.0714851379394 71.7323837280273 71.0052284240723 72.2556739807129 73.4268913269043 73.31083984375 72.2984924316406 72.6319902860201 73.5534032185872 73.798230489095 74.0291717529297 74.6082631429037 75.5835245768229
-9999 -9999 -9999 -9999 -9999 -9999 -9999 -9999 -9999 -9999 -9999 -9999 -9999 -9999 -9999 -9999 -9999 -9999 -9999 -9999 -9999 -9999 -9999 -9999 -9999 -9999 -9999 -9999 -9999 -9999 -9999 -9999 -9999 -9999 -9999 -9999 -9999 -9999 -9999 -9999 -9999 -9999 -9999 -9999 -9999 -9999 -9999
-9999 -9999 -9999 -9999 -9999 -9999 -9999 -9999 -9999 -9999 -9999 -9999 -9999 -9999 -9999 -9999 -9999 -9999 -9999 -9999 -9999 -9999 -9999 -9999 -9999 -9999 -9999 -9999 -9999 -9999 -9999 -9999 -9999 -9999 -9999 -9999 -9999 -9999 -9999 -9999 -9999 -9999 -9999 -9999 -9999 -9999 -9999
-9999 -9999 -9999 -9999 -9999 -9999 -9999 -9999 -9999 -9999 -9999 -9999 -9999 -9999 -9999 -9999 -9999 -9999 -9999 -9999 -9999 -9999 -9999 -9999 -9999 -9999 -9999 -9999 -9999 -9999 -9999 -9999 -9999 -9999 -9999 -9999 -9999 -9999 -9999 -9999 -9999 -9999 -9999 -9999 -9999 -9999 -9999
-9999 -9999 -9999 -9999 -9999 -9999 -9999 -9999 -9999 -9999 -9999 -9999 -9999 -9999 -9999 -9999 -9999 -9999 -9999 -9999 -9999 -9999 -9999 -9999 -9999 -9999 -9999 -9999 -9999 -9999 -9999 -9999 -9999 -9999 -9999 -9999 -9999 -9999 -9999 -9999 -9999 -9999 -9999 -9999 -9999 -9999 -9999
-9999 -9999 -9999 -9999 -9999 -9999 -9999 -9999 -9999 -9999 -9999 -9999 -9999 -9999 -9999 -9999 -9999 -9999 -9999 -9999 -9999 -9999 -9999 -9999 -9999 -9999 -9999 -9999 -9999 -9999 -9999 -9999 -9999 -9999 -9999 -9999 -9999 -9999 -9999 -9999 -9999 -9999 -9999 -9999 -9999 -9999 -9999
-9999 -9999 -9999 -9999 -9999 -9999 -9999 -9999 -9999 -9999 -9999 -9999 -9999 -9999 -9999 -9999 -9999 -9999 -9999 -9999 -9999 -9999 -9999 -9999 -9999 -9999 -9999 -9999 -9999 -9999 -9999 -9999 -9999 -9999 -9999 -9999 -9999 -9999 -9999 -9999 -9999 -9999 -9999 -9999 -9999 -9999 -9999
