Rasters_Shapefiles/SOMO31.asc
NCOLS 171 
NROWS 108 
XLLCORNER 210004.651214014 
YLLCORNER 7285008.22228844 
CELLSIZE 5000 
NODATA_value -9999 
[rows 42 to 62 of 108, columns 94 to 140 of 171]
92.5582885742188 91.686008605957 90.8932150268555 90.2462417602539 89.8485781860352 89.9848989868164 90.2443560791016 89.5502471923828 89.9367428588867 91.8067837524414 93.0979177856445 93.9748184204102 95.8609286499023 95.7115319824219 95.9830178833008 95.6004083251953 95.1838217163086 94.3488235473633 94.8754943847656 96.2117691040039 97.3337252807617 97.9312088012695 98.0961090087891 98.2726773071289 98.4175427246094 98.0804434204102 96.2319586181641 94.900617980957 93.8111401367187 94.6309817504883 95.6274597167969 95.0888327026367 95.1362097167969 95.2811651611328 96.3516128540039 97.7250057983399 97.6621417236328 97.1029946899414 97.1345837402344 96.756435546875 97.8614083862305 98.2977026367188 98.3699301147461 98.6976202392578 99.5428491210938 100.461105957031 100.609352111816
92.1813836669922 91.3500094604492 90.4665029907227 89.7555444335938 89.349609375 89.60662109375 89.9496069335938 90.0184631347656 90.5088922119141 91.6815100097656 93.2371746826172 94.4424792480469 95.0925399780273 94.732854309082 94.496584777832 95.197643737793 94.8299276733398 94.2219396972656 94.6843087768555 94.8639233398438 96.6666940307617 97.2891506958008 97.4536468505859 97.3917684936524 97.372946472168 97.1177282714844 95.2007925415039 94.5476629638672 93.7296975708008 95.5469927978516 95.8289416503906 94.8800149536133 96.0818380737305 94.9390783691406 95.6361624145508 96.5576846313477 96.0868264770508 95.2125991821289 94.6262445068359 94.7790371704102 96.0930142211914 96.1879006958008 96.9619833374023 97.5657537841797 99.1111026000977 99.626875 98.7293920898438
91.5331845092773 90.9747964477539 90.2642358398437 89.4755563354492 89.1464236450195 89.296803894043 89.3619393920898 89.1526330566406 89.7872534179688 90.8802709960938 92.3482604980469 93.411494140625 94.5568911743164 94.6287539672851 93.7421252441406 93.7414666748047 93.7416552734375 94.3338006591797 95.2363003540039 95.0865228271484 96.4427679443359 97.090696105957 96.8856784057617 96.778388671875 95.9959683227539 95.8156039428711 94.5107757568359 93.7799536132813 94.6450735473633 95.455950012207 95.7620022583008 95.4354739379883 95.9768499755859 96.9023303222656 97.2049990844727 97.1488293457031 95.0591915893555 93.259814453125 93.2750805664062 94.1974395751953 94.4486154174805 95.3260882568359 95.618219909668 97.2682080078125 98.4382473754883 98.3816909790039 97.0240963745117
90.8736047363281 90.3311944580078 89.9357055664063 89.4168414306641 88.9660989379883 89.192314453125 89.0734930419922 88.745813293457 89.7294464111328 89.7625219726562 91.6521224975586 92.8906967163086 93.8098358154297 94.1794763183594 94.5439184570313 94.3317712402344 93.6796539306641 93.6502203369141 94.4402099609375 94.9802377319336 96.0542120361328 96.5987368774414 96.3859140014648 95.3953753662109 95.2116830444336 94.5956939697266 93.5213513183594 93.9402163696289 95.0871005249023 95.7121160888672 96.3885296630859 96.1614599609375 96.42419921875 96.9658966064453 97.2184921264648 96.4166854858398 96.5902655029297 94.4653457641602 93.7820526123047 93.749755859375 93.6153567504883 94.8645727539062 95.3762515258789 97.0567056274414 96.7406823730469 96.8939733886719 96.7268054199219
90.4133560180664 89.9041943359375 89.5661734008789 89.3758422851563 89.0550625610352 88.7967681884766 89.217360534668 88.8855340576172 89.6581079101562 90.5407077026367 91.6067242431641 92.4278451538086 93.0409826660156 93.4454479980469 94.2205230712891 93.9869458007813 93.3613986206055 92.9274423217773 93.1653500366211 94.24435546875 95.6673809814453 95.8013458251953 95.4307620239258 95.0756076049805 93.5218112182617 92.7483648681641 92.3167321777344 92.8489193725586 95.1006942749023 96.1247036743164 95.7330401611328 95.6157318115234 96.6122033691406 95.4160140991211 95.6675152587891 96.1891445922852 96.6685748291016 95.924289855957 96.1042001342773 95.1301138305664 93.4659368896484 94.0739434814453 94.6209811401367 95.9595727539062 95.4324740600586 96.0219097900391 97.4583255004883
89.3157772827148 89.5114361572266 89.2262094116211 89.194250793457 88.9155154418945 88.3291998291016 88.7020254516602 89.0795541381836 88.9349334716797 89.4078070068359 90.5847396850586 91.4114776611328 92.0223080444336 92.7886889648437 93.6822259521484 93.2770257568359 92.6099230957031 92.6147409057617 92.550212097168 93.4664733886719 94.2360864257813 94.8516293334961 94.8590310668945 93.7037777709961 93.3340628051758 92.1001937866211 92.7708502197266 93.6669644165039 94.8214990234375 95.8794869995117 94.7652899169922 95.0445034790039 96.0170703125 94.9010418701172 94.5412448120117 94.9746185302734 95.1680667114258 95.1891302490234 95.6617428588867 94.8921917724609 93.5239056396484 93.4554428100586 94.1294577026367 94.5461895751953 95.0676165771484 96.0829852294922 97.0397827148438
88.1565243530274 88.9003256225586 88.828620300293 88.805908203125 88.2447659301758 87.9514532470703 88.0890631103516 88.6322866821289 88.0025454711914 88.5274432373047 89.5984918212891 90.9421170043945 91.4359704589844 92.5908764648437 93.0342098999024 92.7911276245117 92.7452279663086 92.1284884643555 92.1372570800781 92.529235534668 92.7443939208984 93.8535110473633 93.6181118774414 93.0289996337891 92.111950378418 92.3722479248047 93.4163217163086 94.0346566772461 94.0107290649414 95.2999887084961 94.5726293945312 95.5585855102539 95.5908255004883 95.5207934570312 94.1020938110352 94.7295181274414 94.2400704956055 93.8810144042969 94.9550735473633 94.5768270874024 93.7683187866211 93.9050210571289 94.4948944091797 94.6418801879883 95.4439392089844 96.5232281494141 97.7999728393555
86.4416586303711 88.1239633178711 88.3325631713867 88.2999395751953 88.1213247680664 87.8778436279297 87.9057107543945 88.0765972900391 87.8651278686523 88.6567446899414 89.5647964477539 90.4773184204102 91.3352194213867 92.0972888183594 92.2357904052734 92.2429248046875 92.2155215454102 91.6990469360352 91.6286901855469 90.9747418212891 91.6449523925781 92.9148446655273 91.1468829345703 92.3585580444336 91.0133422851563 91.719345703125 90.3607369995117 92.5375408935547 94.4911227416992 94.7053652954102 94.5524456787109 94.7499801635742 94.1610104370117 95.1027679443359 94.5115634155273 93.1239785766601 93.5020574951172 93.9943743896484 93.6876129150391 93.7744338989258 93.9165188598633 94.7925018310547 95.075166015625 95.8439071655273 96.1400631713867 97.016110534668 97.5391580200195
85.8958358764648 87.2410177612305 87.0886740112305 87.4496017456055 87.5015869140625 87.5476385498047 87.3153012084961 87.2125054931641 87.6832241821289 88.2420162963867 88.1855099487305 89.229716796875 90.7113919067383 91.4314465332031 91.4493350219727 91.4940084838867 91.5040454101563 91.2410562133789 90.92642578125 90.5688204956055 91.8066030883789 92.4538171386719 90.772724609375 91.2144046020508 90.936142578125 91.4016366577148 91.3509298706055 92.833659362793 94.1152026367187 94.0749111938477 93.8635540771484 93.9458898925781 93.2927178955078 93.4546917724609 93.4933090209961 92.8197210693359 91.8038909912109 92.352673034668 92.3121942138672 92.5383966064453 93.0341915893555 94.3370587158203 94.7138461303711 95.46662109375 96.1468600463867 97.0883450317383 97.1533612060547
84.9533670043945 85.9295913696289 85.979684753418 85.9821392822266 86.0788595581055 86.4394152832031 86.0713983154297 85.9928088378906 87.2177639770508 86.9904483032226 87.7865774536133 89.0715380859375 90.481257019043 90.6735000610352 91.1734701538086 91.3317910766602 91.2203228759766 91.1019491577148 90.7010308837891 89.9699865722656 91.0963830566406 91.9137896728516 90.60787109375 90.3772534179687 91.0818182373047 91.6595104980469 92.424938659668 91.7877975463867 93.100041809082 92.838215637207 92.8866497802734 91.7519381713867 91.3469326782227 92.032981262207 91.5250601196289 90.982607421875 91.0874584960937 92.1199411010742 92.3804211425781 93.1654711914063 93.0024307250977 93.7584805297852 94.4476989746094 95.1480117797852 96.6319384765625 96.1677383422852 95.5642895507813
84.2240267944336 84.1595764160156 84.4664172363281 84.9832647705078 84.6693423461914 85.0270266723633 84.4151309204101 84.5462118530273 85.8065655517578 87.4002426147461 88.2934997558594 89.2698205566406 89.8309851074219 89.9576379394531 90.2053967285156 90.9271762084961 91.2332421875 90.9792956542969 90.6214605712891 89.8340087890625 90.1361587524414 90.6141235351563 90.6489770507813 90.1190115356445 90.7160675048828 91.0173452758789 91.117839050293 90.8674182128906 91.7343206787109 90.5074667358398 91.3727795410156 90.3225296020508 89.8466638183594 90.0058700561523 89.7589846801758 89.5730877685547 91.0008868408203 92.1028845214844 92.8622430419922 93.2959216308594 93.3432907104492 93.3069006347656 94.2842395019531 95.2003643798828 95.9872109985352 94.9143475341797 95.1810296630859
82.8409317016602 82.8363909912109 83.2047369384766 83.0904544067383 83.2116207885742 83.2443771362305 83.8469281005859 84.931037902832 86.1139099121094 87.216047668457 87.9349374389648 88.5425210571289 88.4088653564453 88.5905502319336 89.2671087646484 89.9632083129883 90.5350894165039 90.4376989746094 90.3753262329102 90.1168130493164 89.4405014038086 88.676396484375 89.7233612060547 89.6543078613281 89.7480950927734 90.4528436279297 90.7162292480469 89.1388256835938 90.7044946289062 89.087922668457 89.7241839599609 89.0925405883789 88.6330786132813 89.0134274291992 89.7610244750977 89.7227822875977 91.1453341674805 91.4471762084961 92.3363861083984 93.222776184082 93.9039343261719 92.805182800293 92.9579177856445 95.0694250488281 94.8633657836914 93.7701818847656 94.1196496582031
82.2527346801758 82.2911853027344 82.1049728393555 82.1246524047852 82.2409350585937 82.5310516357422 82.7877661132813 83.7515203857422 84.3307452392578 86.1160751342773 87.1901931762695 87.3239910888672 87.1130212402344 86.1212127685547 87.9145700073242 89.1179263305664 89.6142880249024 90.0226058959961 90.1949975585938 89.8305142211914 88.9386553955078 88.5086279296875 89.0818383789063 89.0310958862305 89.4610824584961 90.1617352294922 89.2848379516602 88.1310647583008 89.4696841430664 87.8089932250977 88.0103118896484 88.1295758056641 88.4933682250977 89.3952639770508 90.2787152099609 89.9157537841797 90.7946374511719 90.9368011474609 91.6180780029297 92.8861679077148 93.6309167480469 93.4439172363281 93.814411315918 94.7613861083984 92.6868872070312 93.7603887939453 93.7896813964844
82.6040798950195 82.2975085449219 82.1824847412109 82.2181842041016 82.5191177368164 82.6564868164062 82.9272412109375 83.4477288818359 84.062082824707 84.5506503295898 85.7396493530273 85.2159069824219 85.8174987792969 85.3699548339844 86.4866839599609 87.8452774047852 88.3334274291992 88.3560986328125 89.1298699951172 89.1099780273437 88.3082427978516 88.2415106201172 88.3235641479492 88.5798110961914 89.6116619873047 89.52890625 88.1573608398437 87.4401651000977 87.2390502929688 87.3561587524414 88.0075787353516 88.4316262817383 88.7391421508789 88.7057067871094 89.6114340209961 90.7073614501953 91.299382019043 91.5227096557617 92.1307504272461 92.4013537597656 93.1679876708984 93.2582315063477 93.8545422363281 92.6849432373047 92.9730090332031 93.9737240600586 93.8503472900391
82.6372833251953 82.5838900756836 82.3926824951172 82.5058157348633 82.5596936035156 82.7168615722656 83.1111560058594 83.5717465209961 83.7399502563477 83.6882760620117 84.5691329956055 84.3754748535156 84.2479635620117 84.1533786010742 84.9172192382812 86.5738543701172 86.926748046875 86.9763458251953 87.5226135253906 88.3700677490234 88.1801519775391 88.1134887695312 87.6092398071289 88.4172198486328 89.059704284668 88.8614956665039 88.1293469238281 87.4166546630859 86.7659283447266 86.8854275512695 87.4893197631836 88.1106912231445 88.7953179931641 88.9809753417969 89.3334448242187 89.9725610351562 91.1256271362305 91.8144970703125 92.3795687866211 92.5504177856445 93.3969680786133 92.6916424560547 92.7222332763672 90.278591003418 92.7993838500977 93.1057876586914 93.5948818969727
82.3441467285156 82.4034829711914 82.4377395629883 82.6533145141602 82.9159063720703 83.088932800293 83.5827182006836 83.9538354492187 84.1637200927734 84.2131127929687 84.7606439208984 84.553928527832 84.2173669433594 83.9878915405273 84.6023812866211 85.2997772216797 85.602825012207 85.4757083129883 86.9828866577148 87.7035760498047 87.2910437011719 86.8303851318359 86.7277203369141 87.3309466552734 87.9345394897461 87.5309982299805 86.7606970214844 86.2364660644531 86.3867404174805 86.3839401245117 86.9495755004883 87.5590063476563 88.3583117675781 89.2158456420898 89.5354748535156 89.9667245483398 90.4682623291016 91.2603628540039 92.0407214355469 92.1517877197266 92.7924176025391 92.189543762207 91.4748504638672 90.1527075195312 92.4859689331055 93.1327374267578 94.0133471679687
81.7187417602539 82.0292752075195 82.242900390625 82.3848315429688 82.8306332397461 82.9726525878906 83.2601306152344 83.9110147094727 84.3053472900391 84.5040924072266 84.8100903320313 84.8163998413086 84.6470657348633 84.4716244506836 84.8344738769531 85.1535641479492 85.655124206543 85.100862121582 86.1605166625977 86.3022277832031 86.5072869873047 86.4585577392578 86.6082412719727 86.5630627441406 87.0694891357422 86.6125915527344 85.8981909179687 86.1075085449219 86.003440246582 86.2386715698242 86.803310546875 87.3843057250977 88.0551791381836 88.7245935058594 89.1312573242188 89.7213613891602 90.4883676147461 90.93013671875 91.385119934082 91.9537246704102 92.2701858520508 91.2164999389648 90.5769033813477 91.0190087890625 92.5305236816406 93.1593637084961 93.4092150878906
80.678212890625 81.3884234619141 81.7303231811523 81.958981628418 82.6321133422852 82.8927185058594 82.8944830322266 83.6246530151367 84.1886395263672 84.51947265625 84.83486328125 84.9880297851562 85.0578149414062 85.1472778320312 85.3995071411133 85.5005484008789 85.6703179931641 85.6658929443359 86.2579977416992 86.305036315918 86.4842913818359 86.1013320922852 86.0135833740234 86.573190612793 86.2942709350586 85.5807461547852 85.0506311035156 85.5628854370117 85.9508633422852 86.2941156005859 86.6742431640625 87.2386370849609 87.5847448730469 87.9701007080078 88.2699719238281 89.0231948852539 89.7172988891602 90.1457733154297 90.7862161254883 91.0071832275391 91.4108898925781 91.2992767333984 90.4186923217773 91.2451354980469 92.024172668457 92.1080627441406 92.855950012207
79.2918505859375 80.2339901733398 80.7274209594727 81.2949496459961 81.9416421508789 82.524797668457 83.0441790771484 83.4521954345703 83.7480673217773 84.0851095581055 84.429538269043 84.7863858032227 85.0779162597656 85.3567932128906 85.5608148193359 85.7308081054688 85.9322439575195 86.1863830566406 86.5381948852539 86.731416015625 86.7947164916992 86.4084112548828 86.0738174438477 86.4223724365234 85.5655899047852 85.3655038452148 83.928415222168 85.0806820678711 85.7740777587891 86.2124035644531 86.5846276855469 86.6575216674805 86.7663037109375 86.7002795410156 87.3461288452148 88.5051272583008 89.0116970825195 89.5802752685547 89.6369595336914 90.2347119140625 90.1718103027344 90.8739822387695 90.0644409179688 90.9476715087891 91.5699127197266 92.1295764160156 92.847673034668
75.1317730712891 77.533323059082 79.0476089477539 79.9618215942383 81.0943795776367 81.7808303833008 82.3289926147461 82.8647659301758 83.2656201171875 83.6251794433594 83.978879699707 84.2824380493164 84.5779934692383 84.9011871337891 85.2493212890625 85.5145761108398 85.8164993286133 86.1047518920898 86.3598486328125 86.5268927001953 86.6282772827148 86.6773571777344 86.6827487182617 86.4071817016601 85.6438284301758 84.9553994750976 84.0865051269531 85.0102926635742 85.9793319702148 86.3251766967773 86.3282916259766 85.9716470336914 85.8790960693359 86.0341647338867 86.9753402709961 88.1337319946289 88.2584567260742 88.9093267822266 88.9971014404297 89.6602597045898 89.6901098632813 89.3849963378906 89.8637799072266 90.6175839233399 91.2075076293945 92.5744937133789 92.9609368896484
72.5133139038086 74.0060876464844 75.4184042358398 77.7455444335938 79.1741720581055 80.3832104492188 81.3528005981445 82.2925527954102 82.814514465332 83.1401370239258 83.4630084228516 83.7553530883789 84.0211569213867 84.332568359375 84.6560406494141 85.0061108398438 85.3405889892578 85.6380847167969 85.9028009033203 86.1431280517578 86.3236309814453 86.3580715942383 86.3513397216797 86.2496600341797 85.986174621582 85.3024819946289 84.3292611694336 84.9518063354492 86.1387396240234 86.2222631835938 85.6807647705078 85.5371377563477 85.8110830688477 86.0241787719727 86.8217379760742 87.4702792358398 87.5296578979492 88.3906118774414 88.1290298461914 89.1816928100586 89.0892514038086 89.3447827148437 90.2578216552734 91.1176272583008 91.3444467163086 92.1391369628906 92.2616088867187
