Rasters_Shapefiles/SOMO31.asc
NCOLS 171 
NROWS 108 
XLLCORNER 210004.651214014 
YLLCORNER 7285008.22228844 
CELLSIZE 5000 
NODATA_value -9999 
[rows 63 to 83 of 108, columns 47 to 93 of 171]
75.2073416137695 74.7794842529297 75.2329742431641 75.1873526000977 74.5975439453125 72.6382864379883 73.4874475097656 73.4115859985352 72.9557513427734 72.5253182983398 72.4377911376953 72.3293078613281 72.0758871459961 73.0825714111328 72.7789736938477 73.0538497924805 73.0632623291016 72.8910528564453 72.3924890136719 72.1684478759766 74.0025991821289 74.0868862915039 72.7176177978516 72.5154876708984 73.3080361938477 73.4650854492187 73.4314666748047 71.9902276611328 72.8692807006836 73.2683999633789 73.2568603515625 73.5850192260742 71.2302124023438 70.3889767456055 69.4783215332031 68.7061309814453 68.4396676635742 70.2075064086914 71.2389865112305 71.2545257568359 71.9968240356445 72.6503164672852 72.6079843139648 73.1173992919922 73.1614526367187 74.1713467407227 73.8324404907227
74.2866491699219 73.7966058349609 73.8083160400391 74.1517654418945 74.0821691894531 73.1429959106445 73.0163452148438 73.0290933227539 72.7444674682617 72.8094528198242 73.361047668457 73.2791857910156 73.049313659668 72.9647515869141 72.8045034790039 72.5217004394531 72.5757632446289 71.858489074707 72.3274200439453 73.4971115112305 74.0834848022461 73.8517422485352 72.8353948974609 72.5913616943359 72.8286831665039 72.3810461425781 72.6542794799805 71.8725466918945 71.2625537109375 71.6122561645508 72.2616363525391 72.2839880371094 72.7045758056641 72.0408059692383 71.4580578613281 72.0439562988281 71.469736328125 70.8520736694336 70.2051452636719 71.6954330444336 71.9000463867188 71.8462356567383 71.6738510131836 71.7622549438477 71.4790322875977 72.0204702758789 73.2475405883789
74.9466311645508 74.1083828735352 72.9021154785156 72.7966290283203 72.8073165893555 73.4575750732422 73.6801260375977 72.9827239990234 73.1643606567383 72.877092590332 72.6433563232422 72.3301092529297 71.1236151123047 71.3511657714844 72.1319714355469 72.8453399658203 73.0271765136719 73.0714221191406 73.4595474243164 73.4933901977539 73.3568045043945 72.9999502563477 72.348974609375 72.4338717651367 71.9715927124023 70.8216101074219 70.9923480224609 71.2332583618164 71.0307336425781 70.2346157836914 70.0065365600586 71.530055847168 71.5003924560547 71.4604763793945 70.8890670776367 72.1395446777344 71.6267309570313 71.1126040649414 71.0843838500977 71.3479949951172 71.657883605957 71.1001510620117 71.1428439331055 71.7628140258789 70.2400872802734 71.7259603881836 73.3531924438477
75.7677737426758 74.5358444213867 73.5805413818359 73.2525201416016 72.7201904296875 72.3716467285156 72.9504104614258 73.1502972412109 72.6672967529297 72.0561291503906 71.7341119384766 70.4266290283203 70.9327212524414 71.5162612915039 71.9241146850586 71.9807211303711 72.5939627075195 72.6172485351562 72.6509475708008 71.5369598388672 71.4627352905273 71.3097515869141 71.3974514770508 71.5884356689453 70.7069366455078 70.7089340209961 70.7148248291016 69.779084777832 68.6719091796875 68.8656167602539 67.4882843017578 69.3809729003906 70.0783123779297 70.5106475830078 70.7167715454102 71.2804733276367 70.9959170532227 70.7228457641602 71.4685510253906 71.2734063720703 71.1613134765625 70.2264544677734 69.0356661987305 70.334612121582 70.7251440429688 72.2078796386719 73.2993765258789
75.8718026733398 74.9422503662109 73.5319366455078 73.2961947631836 73.4724722290039 73.0916256713867 72.0766186523438 72.2869296264648 72.3052081298828 71.6767172241211 70.5108758544922 70.8303729248047 71.8308755493164 71.8520172119141 70.1114300537109 71.4025122070313 72.2242449951172 72.6556622314453 71.9670999145508 70.8296487426758 70.9097634887695 71.8509735107422 71.7709008789062 71.6422341918945 71.4649826049805 71.0397048950195 69.1755606079102 69.8861532592774 69.3697055053711 69.7712530517578 69.0226040649414 67.6506109619141 69.1438906860351 68.9224594116211 70.2827569580078 71.5221047973633 71.4619912719726 71.0016882324219 70.8413119506836 70.3515069580078 69.9808331298828 68.259294128418 68.0164849853516 69.3444097900391 70.3988006591797 71.8456561279297 72.1815753173828
75.391435546875 75.1195712280273 74.0414672851562 73.0219808959961 73.4563159179688 73.484700012207 71.7524853515625 70.4555435180664 70.8049383544922 70.000295715332 70.1723513793945 70.987385559082 72.3153771972656 72.1357086181641 71.1844564819336 72.2795303344727 72.5857647705078 72.5102777099609 71.9821591186523 71.6531402587891 71.4409274291992 71.6382080078125 70.3854388427734 69.5517639160156 69.5521920776367 69.7288455200195 68.0346527099609 69.2018228149414 70.0195663452148 70.7682885742187 71.0074588012695 71.0587719726562 70.8933526611328 70.7179916381836 70.9311010742187 71.3027340698242 70.8739224243164 69.9819049072266 69.6018887329102 69.9380578613281 68.9191751098633 67.6535034179688 67.8161447143555 68.8352221679688 70.7441207885742 71.8603201293945 71.8856051635742
75.3111868286133 75.1239889526367 74.4839343261719 74.3834820556641 74.302336730957 74.0018771362305 73.0243087768555 72.9513702392578 72.6549609375 71.8785348510742 70.979111328125 71.1917758178711 72.1997369384766 72.3339834594727 72.0223550415039 72.4504013061523 72.2640924072266 72.1192022705078 71.789794921875 71.4287390136719 71.4083587646484 71.2733410644531 70.5884475708008 67.455849609375 68.1126229858398 68.913720703125 69.3350469970703 69.6509439086914 69.7135427856445 70.0358874511719 70.3192404174805 70.9656921386719 71.1710357666016 70.1816571044922 70.3969854736328 68.7930908203125 69.5535113525391 69.3105285644531 70.0488635253906 69.466227722168 67.7109860229492 66.1442349243164 67.1242224121094 67.1432946777344 70.6970074462891 70.9615875244141 72.1230123901367
75.4181521606445 75.2457629394531 75.1436041259766 74.9850891113281 74.7771942138672 74.5621862792969 74.0249920654297 73.2288821411133 72.8772158813477 72.4579998779297 72.4026327514649 72.1075076293945 71.4860830688477 72.1745608520508 71.9789587402344 71.8437023925781 71.5831497192383 71.333830871582 71.2881921386719 71.1355151367188 71.0257720947266 70.390617980957 70.2050012207031 68.7696810913086 66.118021697998 68.0900756835938 68.4650610351563 69.2073532104492 69.0138293457031 69.5453970336914 70.0977816772461 70.5821762084961 70.8767077636719 71.0659118652344 71.1468249511719 70.0786831665039 68.9998641967773 68.792473449707 69.3808688354492 68.907131652832 69.2816998291016 68.9984188842773 67.8349691772461 69.2623370361328 70.0658923339844 71.0365603637695 71.0389126586914
75.7026110839844 75.4116513061524 75.2788973999023 75.1055661010742 74.7841149902344 74.5231845092773 74.2163806152344 73.876858215332 73.1343530273437 72.1844973754883 72.0684414672852 72.0745022583008 72.4956024169922 72.2795138549805 70.9221569824219 70.6887710571289 70.7051153564453 70.6213427734375 70.9017211914063 70.76078125 70.2776507568359 69.8326403808594 69.5546630859375 68.9507000732422 67.3603018188477 68.2622183227539 67.6320529174805 67.9728399658203 68.3434823608398 68.3451806640625 68.6400646972656 69.2885140991211 70.0207852172852 70.5554455566406 71.0857766723633 71.1378872680664 71.0982189941406 70.6118908691406 69.542509765625 68.904528503418 68.7574032592773 69.5557403564453 69.9255770874023 70.4607061767578 71.4241729736328 72.0535482788086 72.2224362182617
75.5455151367187 75.2464178466797 74.945358581543 74.780046081543 74.4277658081055 74.3062631225586 74.1490090942383 73.9574142456055 73.727473449707 73.3863793945312 72.9972982788086 72.81640625 72.4457034301758 71.9789562988281 71.2336145019531 70.6254922485352 69.8718185424805 70.4420648193359 70.6167947387695 70.0654412841797 68.8405435180664 67.5686148071289 68.4489404296875 68.0195706176758 67.8646829223633 67.5161901855469 66.9858660888672 67.2801943969727 68.3829238891602 66.8001565551758 67.6225201416016 68.6121563720703 69.1210693359375 69.2258358764648 70.6154748535156 70.2230252075195 69.7068707275391 69.7473519897461 70.1546188354492 70.0381234741211 69.52083984375 68.3974227905273 68.033532409668 69.1416815185547 69.9156576538086 70.0538092041016 71.5889904785156
75.4784014892578 74.9077194213867 74.5242465209961 74.318586730957 74.0418249511719 73.6929147338867 73.4743661499023 73.4766296386719 73.3914105224609 73.4353088378906 73.1551922607422 72.8718838500977 72.5177868652344 72.2009060668945 71.557848815918 70.7653186035156 70.3274682617187 69.9029510498047 69.3146166992187 69.1125033569336 69.0399520874023 68.5252575683594 67.9678765869141 67.0784454345703 67.0883764648437 67.5314422607422 67.6178125 67.5134213256836 67.8561236572266 67.7270779418945 67.7728128051758 68.1563134765625 68.968874206543 69.2732922363281 70.1386083984375 69.0923645019531 68.1865768432617 68.9917633056641 69.7824252319336 69.8040823364258 69.6636480712891 69.1846701049805 66.1646939086914 65.2376513671875 66.9839183044434 69.8392098999023 70.8685418701172
75.5913681030273 75.1894119262695 74.8441741943359 74.7705233764648 74.4002142333984 74.177698059082 73.7430352783203 73.6589611816406 73.1181875610352 72.9431945800781 72.9575640869141 72.8062478637695 72.3752496337891 71.7726696777344 70.3882095336914 70.4557012939453 69.8434909057617 69.1116415405273 68.5389929199219 67.8365151977539 68.2172463989258 68.570478515625 68.5379010009766 67.9358450317383 67.1559219360352 66.940690612793 67.271623840332 67.6900378417969 67.8839108276367 68.1833462524414 67.903323059082 68.6531307983398 69.4618844604492 69.8758145141602 69.2686981201172 68.4611245727539 68.6878121948242 69.769775390625 69.3337014770508 68.8929443359375 67.9921536254883 67.8868600463867 67.6096473693848 68.070158996582 69.6296215820312 70.8118008422852 71.0693017578125
75.3468133544922 75.0153253173828 74.9158807373047 74.8119650268555 74.3747680664062 74.1854763793945 74.0791717529297 73.7749182128906 73.4537771606445 72.7652111816406 72.2955319213867 72.2555465698242 72.1789080810547 71.9776010131836 71.4376644897461 70.8846871948242 70.2728793334961 69.4130432128906 68.8486560058594 68.1054241943359 67.9353622436523 68.3832830810547 68.3369869995117 68.0259689331055 67.7382418823242 67.4478125 67.2802249145508 67.6119024658203 67.8237088012695 68.1364834594727 68.3406033325195 68.7806121826172 69.3321383666992 69.4051544189453 68.2218286132812 69.0839514160156 69.5612112426758 69.6426364135742 68.9317724609375 67.7629440307617 68.285260925293 68.5512658691406 69.724748840332 69.6155139160156 68.9628396606445 69.9501782226562 69.6988943481445
75.3171661376953 75.1106500244141 75.0056909179687 74.7932669067383 74.5172106933594 74.2619052124023 73.9273614501953 73.5262063598633 73.1574200439453 72.7927386474609 72.3766940307617 72.1536962890625 72.0435440063477 72.0382934570312 71.671637878418 71.218000793457 70.5263925170898 70.1422567749024 69.4629867553711 68.820149230957 68.2329525756836 68.321162109375 68.0528036499023 67.5937222290039 67.2883016967773 67.2863681030273 67.3659658813477 67.4764361572266 67.5503518676758 67.600078125 67.5669815063477 67.5076815795898 68.4812976074219 68.4664407348633 68.976076965332 69.4827172851563 69.7899655151367 69.9821829223633 69.6143609619141 69.1247528076172 68.0709689331055 68.156748046875 70.143117980957 70.0735153198242 69.7654125976563 68.9619046020508 69.6810177612305
75.4475463867188 75.1312350463867 74.9024899291992 74.7347955322266 74.5101095581055 74.1868301391602 73.8220233154297 73.6437585449219 73.2580545043945 72.7930737304687 72.5438772583008 72.2220108032227 72.0357940673828 72.0575451660156 71.5313876342773 71.2413217163086 70.8746005249023 70.3662762451172 69.6076916503906 68.7456927490234 68.0223483276367 68.123678894043 67.8486727905273 67.2547640991211 66.9788751220703 67.0120034790039 67.1828399658203 67.2076095581055 66.5513800048828 66.7790747070313 67.0150747680664 67.632907409668 68.5381768798828 69.2043600463867 69.0427075195312 69.1135327148438 69.1240588378906 69.972946472168 70.1934094238281 69.8675485229492 69.562373046875 69.0324438476563 68.4387814331055 69.6446899414063 69.2632891845703 69.4901104736328 69.285715637207
75.3496929931641 74.9568054199219 74.6424963378906 74.4270932006836 74.406174621582 74.2666589355469 73.9632434082031 73.7411193847656 73.2780697631836 72.9759191894531 72.7678143310547 72.5351702880859 72.1729626464844 72.1144259643555 71.6945608520508 71.3516918945313 70.8465539550781 70.3263473510742 69.8948565673828 69.4103411865234 68.938332824707 68.4454846191406 67.821364440918 67.3189566040039 66.7794412231445 66.6730029296875 66.8093215942383 66.7909637451172 66.3044256591797 66.7143328857422 67.4199914550781 68.0984063720703 68.7049844360352 68.7869967651367 69.0096810913086 69.3401281738281 69.3799813842773 69.3567691040039 70.0441287231445 70.1112054443359 70.0175045776367 69.5170010375977 68.2812783813477 68.3456182861328 67.4156188964844 65.4355067443848 66.2160934448242
75.1281466674805 74.9021334838867 74.2454016113281 73.2538845825195 73.7556121826172 74.1390664672852 73.8839636230469 73.7429983520508 73.3435986328125 72.9448120117188 72.9407104492188 72.7847756958008 72.4632388305664 72.1800186157227 71.8053506469727 71.3638754272461 70.8487203979492 70.2983682250977 69.9879431152344 69.6379025268555 69.3019546508789 68.8961477661133 68.3383825683594 67.5756628417969 66.7137719726562 66.2242254638672 66.617174987793 66.4795074462891 66.0138012695313 66.2420401000977 67.0429739379883 67.9490829467773 68.6486264038086 68.948733215332 69.0715197753906 69.3051800537109 69.4531164550781 69.6523358154297 69.811164855957 69.9335778808594 69.7445541381836 69.2307235717773 68.3904028320313 67.8202151489258 66.9803067016602 64.4350628662109 66.2237298583984
74.5893920898438 74.5259307861328 73.8453958129883 73.0739428710937 73.0133557128906 73.5391793823242 73.3857962036133 73.4942477416992 73.2478024291992 73.161220703125 73.1142636108398 72.9048226928711 72.5101257324219 72.0358062744141 71.6831890869141 71.322038269043 71.0203802490234 70.6553118896484 70.2895834350586 69.8624099731445 69.4654336547852 68.9366644287109 68.5189413452148 68.0493618774414 67.5990469360352 67.3674353027344 67.3739068603516 66.4923880004883 66.2893255615234 66.4480374145508 66.6221875 67.6126751708984 68.5909655761719 68.3612985229492 68.6171563720703 68.8558572387695 69.0565728759766 69.2004461669922 69.3776803588867 69.3481701660156 69.2067416381836 68.3665972900391 68.7308203125 66.9881658935547 65.6097033691406 66.2338668823242 67.2378756713867
74.5839920043945 74.4125726318359 73.8452667236328 73.3793078613281 73.4821551513672 72.9010662841797 72.6472158813477 72.8669058227539 73.3813473510742 73.2486895751953 73.2540924072266 72.9801208496094 72.6673709106445 72.2514291381836 71.7772399902344 71.4394183349609 71.1379769897461 70.8430053710938 70.3739321899414 69.8006549072266 69.3448403930664 69.0998379516602 68.7844732666016 68.4723202514649 68.2132409667969 68.0213446044922 67.7716528320313 67.7782873535156 67.7984313964844 67.7359619140625 67.6104467773438 67.8418344116211 68.0207110595703 67.7637783813477 67.8903979492188 68.2183529663086 68.0718997192383 68.4033023071289 68.4950091552734 68.7473989868164 68.0577294921875 67.5398272705078 67.7500750732422 67.60478515625 66.6983766174316 67.1663409423828 67.2280740356445
74.6197644042969 74.0677096557617 73.8327725219727 73.6069546508789 72.9427883911133 72.3766851806641 72.2707916259766 72.9083102416992 73.1836044311523 72.7997229003906 72.7924252319336 72.9094915771484 72.7246514892578 72.4520715332031 72.0380850219727 71.6145547485352 71.0967459106445 70.666572265625 70.360299987793 69.9321795654297 69.3421963500977 69.1515240478516 69.0897146606445 68.8164709472656 68.5722735595703 68.3999862670898 68.2110903930664 67.9845202636719 68.0654299926758 68.0962646484375 68.0672845458984 67.9688882446289 66.5844430541992 66.2697567749023 67.1532247924805 67.7649322509766 67.8432836914063 67.7475802612305 67.8153823852539 68.4271148681641 67.7695971679688 67.7246478271484 66.7984426879883 66.1727886962891 68.1458679199219 67.4473275756836 67.4973400878906
74.6691387939453 74.2438366699219 73.5464273071289 73.2918920898438 73.1179095458984 72.6825817871094 72.7682302856445 72.8715591430664 72.7040216064453 72.8504116821289 72.5173648071289 72.6391247558594 72.3565454101562 72.2557369995117 72.1087734985352 71.6881442260742 71.103994140625 70.6835983276367 70.2027554321289 69.9472988891602 69.707109375 69.5798452758789 69.4416390991211 69.1750137329102 68.8914831542969 68.7852877807617 68.7484924316406 68.4699899291992 68.0149444580078 67.9140576171875 67.1138479614258 67.3640774536133 67.1771527099609 66.7502719116211 67.4041110229492 68.0195407104492 68.5444140625 68.2852600097656 68.4845700073242 68.8309979248047 68.5693923950195 68.7658706665039 68.7902438354492 68.7073165893555 67.5803744506836 67.1714855957031 68.2581436157227
