Rasters_Shapefiles/SOMO29.asc
NCOLS 171 
NROWS 108 
XLLCORNER 210004.651214014 
YLLCORNER 7285008.22228844 
CELLSIZE 5000 
NODATA_value -9999 
[rows 60 to 79 of 108, columns 0 to 45 of 171]
-9999 -9999 -9999 -9999 0.279741926835133 0.279265172481537 0.278802011013031 0.279486757516861 0.280696846246719 0.281761286258698 0.281973996162415 0.281483414173126 0.281470575332642 0.282451543807983 0.281928060054779 0.281651631593704 0.280496151447296 0.279697653055191 0.279855906963348 0.280395896434784 0.280854328870773 0.280045102834702 0.283579053878784 0.287221169471741 0.289905296564102 0.28760861992836 0.285727921724319 0.289017561674118 0.293155460357666 0.285467818975449 0.286378862857819 0.285040282011032 0.287562718391418 0.29020583987236 0.293826560974121 0.295678697824478 0.295678839683533 0.296461300849915 0.30047336935997 0.301013324260712 0.302759214639664 0.305845489501953 0.30855788230896 0.311977170705795 0.313587441444397 0.317070604562759
-9999 0.277899399399757 0.276683439811071 -9999 0.273594644807634 0.273487846851349 0.273308374881744 0.27313113451004 0.274513972997665 0.275557885169983 0.276018917560577 0.276272472143173 0.276324033737183 0.276401406526566 0.276382613182068 0.276350650787353 0.275986862182617 0.275534473657608 0.27589684844017 0.276637443304062 0.278276504278183 0.276431000232697 0.278434189558029 0.284251357316971 0.283751780986786 0.280235389471054 0.282813626527786 0.28203151345253 0.285487817525864 0.281520696878433 0.282272484302521 0.282749383449554 0.286750019788742 0.28920398235321 0.291416870355606 0.291098821163177 0.29157567024231 0.292883874177933 0.295437361001968 0.295641353130341 0.297429387569427 0.299624276161194 0.305304639339447 0.305816113948822 0.307720446586609 0.309860206842422
-9999 0.277189213978617 0.275608839023681 0.267129093408585 0.267350786111572 0.266927791833878 0.267514002323151 0.267431176900864 0.269041436910629 0.270791509151459 0.270917398929596 0.27157971739769 0.271928519010544 0.272025538682938 0.271736114025116 0.272167767286301 0.2725845515728 0.271902631521225 0.272294056415558 0.272957499027252 0.273566033840179 0.27318060874939 0.275535638332367 0.280882867574692 0.277947919368744 0.27655010342598 0.274788409471512 0.27435865521431 0.276503363847733 0.277241189479828 0.279713190793991 0.280552093982697 0.284474415779114 0.287544310092926 0.287841893434525 0.287290906906128 0.287967439889908 0.289306529760361 0.291396685838699 0.292745629549026 0.294704834222794 0.295831918716431 0.297599223852158 0.299330396652222 0.301929788589478 0.304705525636673
-9999 0.276357075101451 0.271788305044174 0.26421345949173 0.262007718086243 0.261034289598465 0.261026664972305 0.261996865272522 0.263680087327957 0.264672538042068 0.267196441888809 0.267991354465485 0.268604432344437 0.268557423353195 0.268338273763657 0.26801617026329 0.268197968006134 0.268192119598389 0.2687826192379 0.269818999767303 0.270714948177338 0.270970793962479 0.270462641716003 0.272147010564804 0.271210854053497 0.270919132232666 0.269493814706802 0.269734342098236 0.271550232172012 0.274342050552368 0.27757550239563 0.280598196983337 0.281692572832108 0.28253913640976 0.283961764574051 0.283780814409256 0.284363040924072 0.285420447587967 0.287931526899338 0.290778832435608 0.293020881414413 0.296415302753448 0.295139728784561 0.296190454959869 0.297698564529419 0.303532378673553
-9999 0.278074672818184 0.267577301263809 0.259375435113907 0.256591838598251 0.255606006383896 0.255967527627945 0.257736628055573 0.259586321115494 0.260655722618103 0.261982836723328 0.263458299636841 0.264928487539291 0.265671780109406 0.265648691654205 0.265296591520309 0.265052051544189 0.264957894086838 0.265912480354309 0.266808742284775 0.268560370206833 0.268629479408264 0.268331011533737 0.267510826587677 0.267596917152405 0.267565851211548 0.269401128292084 0.268920786380768 0.269619851112366 0.272382905483246 0.275673469305038 0.27814569234848 0.278510959148407 0.278254276514053 0.279295048713684 0.280388725996017 0.280851970911026 0.281551469564438 0.284651017189026 0.285892559289932 0.287863330841064 0.28924885392189 0.289461849927902 0.295739724636078 0.296106524467468 0.301412007808685
-9999 0.273776608705521 0.264435322284698 0.255385844707489 0.252283610105515 0.251572215557098 0.252881597280502 0.254749137163162 0.256874994039536 0.258309942483902 0.259329575300217 0.260904158353806 0.262001609802246 0.262771993875504 0.263387197256088 0.263565310239792 0.264089809656143 0.26377326965332 0.264975681304932 0.265923063755035 0.265692030191422 0.270545463562012 0.267202285528183 0.266408132314682 0.266615700721741 0.266250227689743 0.269534516334534 0.274755039215088 0.270136122703552 0.26956848025322 0.271813558340073 0.274350352287292 0.273894041776657 0.274822068214417 0.276933608055115 0.278966519832611 0.280082881450653 0.278290884494782 0.279296537637711 0.281862874031067 0.284125862121582 0.283547613620758 0.283239635229111 0.285545419454575 0.285351276397705 0.289361802339554
-9999 0.273108530044556 0.26310758471489 0.252208932042122 0.248658603429794 0.24894019305706 0.250621844530106 0.252590861320496 0.254811062812805 0.256711754798889 0.25787917137146 0.259240945577621 0.260173188447952 0.260968133211136 0.261660937070847 0.26192187666893 0.262532926797867 0.262697771787643 0.264014340639114 0.265685458183289 0.265590443611145 0.267753890752792 0.265896120071411 0.26599886059761 0.267599400281906 0.265852071046829 0.268856369256973 0.286045075654983 0.277315229177475 0.26937414765358 0.269142600297928 0.270105214118957 0.27214718580246 0.273172391653061 0.275092762708664 0.277965961694717 0.277911059856415 0.276340676546097 0.276334491968155 0.276566187143326 0.276910699605942 0.278798496723175 0.27673389673233 0.278555163145065 0.279405773878098 0.282522827386856
-9999 0.27188892364502 0.263948513269424 0.252509875893593 0.247647406458855 0.247925586104393 0.24943198621273 0.251479330062866 0.253570556640625 0.255182483196259 0.256385290622711 0.257716474533081 0.258871866464615 0.259693156480789 0.26036673784256 0.260735266208649 0.260646557807922 0.26165583729744 0.263844499588013 0.265256825685501 0.266234389543533 0.266154403686523 0.267127215862274 0.267470475435257 0.26474285364151 0.265379402637482 0.267261712551117 0.275844749212265 0.272334582805634 0.267209125757217 0.267038762569427 0.268374191522598 0.270868035554886 0.272526648044586 0.274188007116318 0.274465928077698 0.27515266418457 0.274380486011505 0.275904102325439 0.273011367321014 0.272196810245514 0.271786311864853 0.273014554977417 0.279617062807083 0.277403230667114 0.27687014579773
-9999 0.27318035364151 0.268295792341232 0.258091351985931 0.251515389680862 0.249550851583481 0.250395714640617 0.251585791110992 0.253348090648651 0.254535762071609 0.255758403539658 0.256976766586304 0.257979876995087 0.258649446964264 0.259231450557709 0.259665277004242 0.259932997226715 0.260682505369186 0.263248462677002 0.268401705026627 0.268707565069199 0.268892484903336 0.269790270328522 0.271791859865189 0.264847209453583 0.264085923433304 0.265513333082199 0.269526726007462 0.271943092346191 0.267282634973526 0.265155524015427 0.26612775683403 0.270079867839813 0.270956679582596 0.271994634866714 0.27326532125473 0.275664157867432 0.274341908693314 0.278043482303619 0.271762955188751 0.269320228099823 0.267936636209488 0.268054419755936 0.27008327126503 0.272874108552933 0.274333223104477
-9999 0.275765699148178 0.273865032196045 0.262224510908127 0.255304175615311 0.252508296966553 0.252358109951019 0.252472130060196 0.253141553401947 0.254683459997177 0.255247099399567 0.256213927268982 0.256967923641205 0.257740367650986 0.258664338588715 0.259218965768814 0.259452134370804 0.260381872653961 0.263153070211411 0.267092415094376 0.271094722747803 0.270593262910843 0.271640073060989 0.267491844892502 0.268647866249084 0.263590638637543 0.266477720737457 0.267257336378098 0.270194805860519 0.267638331651688 0.265517060756683 0.263488718271255 0.266153104305267 0.268632606267929 0.270758320093155 0.272236502170563 0.273114696741104 0.274209473133087 0.273596165180206 0.270390768051147 0.267679659128189 0.265257898569107 0.264526007175446 0.264794124364853 0.26686750292778 0.269982219934463
-9999 0.280042171478271 0.277649391889572 0.265326681137085 0.258987234830856 0.256045826673508 0.255049425363541 0.254384685754776 0.254189672470093 0.255095820426941 0.255489288568497 0.255746006965637 0.25633013010025 0.257234002351761 0.257927894592285 0.25836611866951 0.259153370857239 0.26050989985466 0.263034514188766 0.266318817138672 0.272008689641953 0.273017817735672 0.272215276956558 0.268604620695114 0.270775785446167 0.271162810325623 0.266724116802216 0.265501755475998 0.269875310659409 0.268183314800262 0.267940229177475 0.261770315170288 0.262933131456375 0.265198452472687 0.267105903625488 0.267654522657394 0.268661864995956 0.270651528835297 0.271788768768311 0.268839548826218 0.264619780778885 0.263831115961075 0.261903966665268 0.261329671144485 0.261706261634827 0.264320249557495
-9999 -9999 0.277882743822901 0.269027397632599 0.262964969873428 0.259981135129929 0.25820868730545 0.25699857711792 0.255974606275558 0.256129965782166 0.256389594078064 0.25615260720253 0.256460112333298 0.257267510890961 0.257587138414383 0.257616518735886 0.259230064153671 0.260606173276901 0.261022254228592 0.265218313932419 0.270036619901657 0.274822552204132 0.274107375144958 0.269059207439423 0.270305204391479 0.270111466646194 0.268557705879211 0.265919091701508 0.269545398950577 0.266832931041718 0.264645984172821 0.261639852523804 0.261385303735733 0.261193447113037 0.26331617474556 0.264035241603851 0.265875118970871 0.268245290517807 0.268310483694077 0.266808549165726 0.264321401119232 0.260840675830841 0.260635712146759 0.258371654748917 0.257808054685593 0.258359389305115
-9999 -9999 0.279169484972954 0.273373324871063 0.267322410345078 0.264352098703384 0.261743069887161 0.259959887266159 0.258051793575287 0.258128134012222 0.257848923206329 0.257227671146393 0.256823908090591 0.257229305505753 0.257621054649353 0.257940131425858 0.258321050405502 0.260227609872818 0.261810712814331 0.2639275598526 0.26703956246376 0.271711235046387 0.273162453174591 0.268029779195786 0.268938150405884 0.266460900306702 0.270192617177963 0.271109663248062 0.273112343549728 0.269747923612595 0.265895653963089 0.263349888324738 0.2652971971035 0.261549723148346 0.264554283618927 0.271838402748108 0.264446387290955 0.263559776544571 0.263711986541748 0.265278140306473 0.262581140995026 0.26019503235817 0.257631732225418 0.255376508235931 0.254199938774109 0.25414125084877
-9999 -9999 0.280273681879044 0.276560311317444 0.271566277742386 0.268773297071457 0.265530667304993 0.262019128799438 0.26055535197258 0.260342934131622 0.259460000991821 0.258459258079529 0.257800015211105 0.258078539371491 0.25807611823082 0.258607174158096 0.258550016880035 0.259066375494003 0.2620323574543 0.264513748884201 0.268169639110565 0.272716112136841 0.277315927743912 0.273618206977844 0.273296625614166 0.268907781839371 0.271506816148758 0.275193499326706 0.275276437997818 0.272397526502609 0.269666240215302 0.266781589984894 0.270247906446457 0.264809007644653 0.266480331420898 0.280499098300934 0.278289165496826 0.261307874917984 0.259250934123993 0.262609651088715 0.26255158662796 0.256546186208725 0.253411412239075 0.251456639766693 0.250870459079742 0.251360642313957
-9999 -9999 -9999 0.279525747424678 0.275053089857101 0.271306738853455 0.267653706073761 0.26361429810524 0.262388923168182 0.260060894489288 0.258793643712997 0.258884707689285 0.259079697132111 0.259696184396744 0.25906565785408 0.260414272546768 0.259875702857971 0.259047064781189 0.261258633136749 0.264647518396378 0.267090713977814 0.27062931895256 0.274020515680313 0.278816491365433 0.276111042499542 0.271285635232925 0.271709643602371 0.274261722564697 0.277092188596725 0.27508266210556 0.272729729413986 0.269108933210373 0.273323216438293 0.267891937494278 0.267339502573013 0.29479904294014 0.289776142835617 0.267694489955902 0.257707860469818 0.255948450565338 0.262727578878403 0.262529047727585 0.25147978246212 0.248018796443939 0.247464351058006 0.246727926135063
-9999 -9999 -9999 0.28093426823616 0.276137350797653 0.27205620765686 0.269346235990524 0.265324724912643 0.260872571468353 0.258646965026855 0.258060320615768 0.258981062173843 0.259257441759109 0.259253722429276 0.259388608932495 0.261268528699875 0.261504139900208 0.260335192680359 0.261119395494461 0.264381507635117 0.266907231807709 0.270094546079636 0.274080548286438 0.275797290802002 0.276144233942032 0.273754308223724 0.276373519897461 0.27671911239624 0.279218798875809 0.274587392807007 0.272051202058792 0.26777977347374 0.270639219284058 0.268867797851563 0.270364006757736 0.285893408060074 0.298648328781128 0.274619079828262 0.265517308712006 0.254215676784515 0.256287188529968 0.265420373678207 0.255326066613197 0.245821740031242 0.243325855135918 0.242748507857323
-9999 -9999 -9999 0.280288696289062 0.275918095062176 0.270597326755524 0.27007629275322 0.267292475700378 0.260729010105133 0.259898068904877 0.26016740322113 0.263908514976501 0.262283947467804 0.260688452720642 0.260600652694702 0.264085060358047 0.266550667285919 0.262210782766342 0.261763352155685 0.262469636201859 0.264696246385574 0.266372109651566 0.26890606880188 0.272204080820084 0.275564256906509 0.276545903682709 0.277327262163162 0.27910649061203 0.278178957700729 0.272699172496796 0.270047917366028 0.269467844963074 0.269699922800064 0.274715669155121 0.272895737886429 0.28427238702774 0.306880902051926 0.275774749517441 0.270560201406479 0.257095847129822 0.253404278755188 0.255856404304504 0.262690044641495 0.247610383033752 0.2398948097229 0.238736968040466
-9999 -9999 -9999 -9999 0.273406099189412 0.270765737295151 0.2687546646595 0.265987182855606 0.263202700614929 0.263524465560913 0.263967319726944 0.26445671916008 0.264764280319214 0.26255814909935 0.262303050756454 0.264884036779404 0.267116969823837 0.264750670194626 0.264088329076767 0.263330944776535 0.264845820665359 0.267396507263184 0.270976868867874 0.274658687114716 0.277900502681732 0.280411781072617 0.278531733751297 0.279676781892777 0.279072607755661 0.275661183595657 0.272961217164993 0.270335365533829 0.272812719345093 0.282882187366486 0.284985318183899 0.288695955276489 0.307392412424088 0.28639310836792 0.287892597913742 0.267652974128723 0.258098924160004 0.27217143535614 0.262465988397598 0.247226701974869 0.237710427045822 0.235182561278343
-9999 -9999 -9999 -9999 0.273047626018524 0.270854372727243 0.268034373521805 0.265632854700089 0.264383062124252 0.263636980056763 0.265336332321167 0.266967568397522 0.268841397762299 0.26724445939064 0.265535171031952 0.266829777956009 0.267196185588837 0.268317568302155 0.267149492502213 0.267091290950775 0.266359877586365 0.269303098917007 0.274044942855835 0.276274254322052 0.277805016040802 0.279021649360657 0.27998752117157 0.282902723550796 0.279153208732605 0.277957023382187 0.278464406728745 0.27452031493187 0.272367831468582 0.279718540906906 0.293439866304398 0.29827247262001 0.312773345708847 0.2900941157341 0.289489823579788 0.279326183795929 0.262151169776916 0.258785552978516 0.263231185674667 0.256088154911995 0.242506665587425 0.233482394218445
-9999 -9999 -9999 -9999 -9999 0.270568633079529 0.268819791575273 0.266653648614883 0.265544664859772 0.264906421899796 0.265156182050705 0.265634114742279 0.270066779851913 0.270122286081314 0.267879215478897 0.268215885162354 0.267495293617249 0.270227963924408 0.272006129026413 0.272980574369431 0.269788321256638 0.270370696783066 0.273675737380981 0.27366891503334 0.275956978797913 0.277293927669525 0.278899848461151 0.281127682924271 0.281408342123032 0.280677039623261 0.281015048027039 0.279500486850739 0.274378638267517 0.277261662483215 0.296773970127106 0.306852927207947 0.319002947807312 0.304567506313324 0.292210756540298 0.290043741464615 0.272091344594955 0.258577216863632 0.261403768062592 0.262836878299713 0.253016543984413 0.237965463995934
