Rasters_Shapefiles/SOMO29.asc
NCOLS 171 
NROWS 108 
XLLCORNER 210004.651214014 
YLLCORNER 7285008.22228844 
CELLSIZE 5000 
NODATA_value -9999 
[rows 0 to 19 of 108, columns 92 to 137 of 171]
-9999 -9999 -9999 -9999 -9999 -9999 -9999 -9999 -9999 -9999 -9999 -9999 -9999 -9999 -9999 -9999 -9999 -9999 -9999 -9999 -9999 -9999 -9999 -9999 -9999 -9999 -9999 -9999 -9999 -9999 -9999 -9999 -9999 -9999 -9999 -9999 -9999 -9999 -9999 -9999 -9999 -9999 -9999 -9999 -9999 -9999
-9999 -9999 -9999 -9999 -9999 -9999 -9999 -9999 -9999 -9999 -9999 -9999 -9999 -9999 -9999 -9999 -9999 -9999 -9999 -9999 -9999 -9999 -9999 -9999 -9999 -9999 -9999 -9999 -9999 -9999 -9999 -9999 -9999 -9999 -9999 -9999 -9999 -9999 -9999 -9999 -9999 -9999 -9999 -9999 -9999 -9999
-9999 -9999 -9999 -9999 -9999 -9999 -9999 -9999 -9999 -9999 -9999 -9999 -9999 -9999 -9999 -9999 -9999 -9999 -9999 -9999 -9999 -9999 -9999 -9999 -9999 -9999 -9999 -9999 -9999 -9999 -9999 -9999 -9999 -9999 -9999 -9999 -9999 -9999 -9999 -9999 -9999 -9999 -9999 -9999 -9999 -9999
-9999 -9999 -9999 -9999 -9999 -9999 -9999 -9999 -9999 -9999 -9999 -9999 -9999 -9999 -9999 -9999 -9999 -9999 -9999 -9999 -9999 -9999 -9999 -9999 -9999 -9999 -9999 -9999 -9999 -9999 -9999 -9999 -9999 -9999 -9999 -9999 -9999 -9999 -9999 -9999 -9999 -9999 -9999 -9999 -9999 -9999
-9999 -9999 -9999 -9999 -9999 -9999 -9999 -9999 -9999 -9999 -9999 -9999 -9999 -9999 -9999 -9999 -9999 -9999 -9999 -9999 -9999 -9999 -9999 -9999 -9999 -9999 -9999 -9999 -9999 -9999 -9999 -9999 -9999 -9999 -9999 -9999 -9999 -9999 -9999 -9999 -9999 -9999 -9999 -9999 -9999 -9999
-9999 -9999 -9999 -9999 -9999 -9999 -9999 -9999 -9999 -9999 -9999 -9999 -9999 -9999 -9999 -9999 -9999 -9999 -9999 -9999 -9999 -9999 -9999 -9999 -9999 -9999 -9999 -9999 -9999 -9999 -9999 -9999 -9999 -9999 -9999 -9999 -9999 -9999 -9999 -9999 -9999 -9999 -9999 -9999 -9999 -9999
-9999 -9999 -9999 -9999 -9999 -9999 -9999 -9999 -9999 0.419533878564835 0.420354008674622 0.423672479391098 0.425383802917269 -9999 -9999 -9999 -9999 -9999 -9999 -9999 -9999 -9999 -9999 -9999 -9999 -9999 0.492063248157501 0.498623915693977 0.506164272626241 0.515096076329549 0.521857535839081 0.529662036895752 0.536944627761841 0.543380018075307 0.549770263830821 0.557208387056986 0.565358277161916 0.571172138055166 0.576695704460144 0.583180749416351 0.588925117254257 0.5951211810112 0.601363551616669 0.607066470384598 0.614316684007645 0.617128640413284
-9999 -9999 -9999 -9999 -9999 -9999 -9999 -9999 -9999 0.418367477754752 0.41999555254976 0.422132571538289 0.424502803087234 0.426549337480379 0.428432071910185 0.430742142455918 0.433140738142861 0.436446189880371 -9999 -9999 -9999 -9999 0.460422466198603 0.470172579471882 0.476043851538138 0.483453909104521 0.490469105243683 0.497865146398544 0.505877003669739 0.513705489635468 0.519748120307922 0.527426087856293 0.536258420944214 0.542058866024017 0.549831004142761 0.556507201194763 0.564789192676544 0.569298219680786 0.575198006629944 0.581435890197754 0.586766355037689 0.59255152463913 0.599417688846588 0.60520651102066 0.61254558801651 0.615497770309448
-9999 -9999 -9999 -9999 -9999 -9999 -9999 0.413917750120163 0.415190305028643 0.417156293392181 0.418711634874344 0.420217521190643 0.422293828179439 0.424656981229782 0.426782456636429 0.429209347963333 0.43187726855278 0.43467080116272 0.436371088027954 -9999 -9999 0.452427208423615 0.458823134953325 0.466018820802371 0.474428006410599 0.482839066982269 0.490981211662292 0.498246111869812 0.505538291931152 0.510638692378998 0.518159475326538 0.525821838378906 0.533246014118195 0.539660243988037 0.549035151004791 0.554104919433594 0.561934070587158 0.568396542072296 0.57224152803421 0.579970490932465 0.584461023807526 0.588719522953033 0.594761593341827 0.600644829273224 0.607678430080414 0.613298447132111
-9999 -9999 -9999 -9999 -9999 -9999 -9999 0.412893336266279 0.414985958337784 0.415762313604355 0.417274104356766 0.418998841047287 0.420789104700089 0.422960638999939 0.425183061361313 0.427600984573364 0.429986120462418 0.432818701267242 0.435462250709534 0.437212998929777 0.442443490028381 0.449733457565308 0.457113367319107 0.464433348178864 0.47224379658699 0.4804711830616 0.489453722238541 0.497323018312454 0.503822433948517 0.510143842697144 0.518425047397614 0.525122103691101 0.531106986999512 0.53923819065094 0.546371519565582 0.553849687576294 0.559737751483917 0.567579679489136 0.570244636535645 0.577150809764862 0.5817120885849 0.586242589950562 0.590279865264893 0.595827362537384 0.600918986797333 0.607040774822235
-9999 -9999 -9999 -9999 -9999 -9999 0.410754318038623 0.411926688005527 0.41373447060585 0.414849133491516 0.416369282007217 0.41801628112793 0.419647673368454 0.421952428817749 0.424242717027664 0.426700543165207 0.429621920585632 0.432867478132248 0.43360347867012 0.436254041194916 0.442455652952194 0.450249093770981 0.456638122797012 0.464241291284561 0.471989207267761 0.481380560398102 0.489146046638489 0.49604261636734 0.503834207057953 0.511384973526001 0.518423130512238 0.524348030090332 0.53021106004715 0.537437207698822 0.545947878360748 0.552400984764099 0.559701755046844 0.565628609657288 0.568823001384735 0.574563660621643 0.579896094799042 0.582714524269104 0.587790956497192 0.592805120944977 0.597200109958649 0.601954836845398
-9999 -9999 -9999 -9999 -9999 0.409649439156055 0.41058221578598 0.411302733421326 0.412562539577484 0.413979321718216 0.415579197406769 0.417135030031204 0.418797725439072 0.421095962524414 0.423373155593872 0.426045523881912 0.430423464775085 0.43284002661705 0.433515983819962 0.437815738916397 0.443948311805725 0.451352443695068 0.457830526828766 0.464276186227798 0.472323007583618 0.481722292900085 0.489433830976486 0.497326843738556 0.504319818019867 0.512428016662598 0.520599572658539 0.525193269252777 0.529367628097534 0.535887875556946 0.543905909061432 0.551715104579926 0.558776223659515 0.564153985977173 0.567164528369904 0.570318584442139 0.576369032859802 0.581539845466614 0.584400708675385 0.589364063739777 0.594610702991486 0.59934948682785
-9999 -9999 -9999 -9999 0.409108430147171 0.409682252754768 0.41027392745018 0.410912852287292 0.412275810241699 0.413538479804993 0.415181111097336 0.416762568950653 0.418655866384506 0.420752152204514 0.42306960940361 0.425680125951767 0.429911497831345 0.433548619747162 0.434104529619217 0.439990502595902 0.447116793394089 0.452995712757111 0.459475353956223 0.464836738109589 0.472781080007553 0.482718471288681 0.491019284725189 0.499022597074509 0.505409414768219 0.51137904882431 0.520665469169617 0.526473925113678 0.529942820072174 0.535539305210114 0.542112758159637 0.548118896484375 0.555100920200348 0.562349302768707 0.567850835323334 0.568801448345184 0.572627687454224 0.577962529659271 0.581672503948212 0.585665185451508 0.591127903461456 0.596897130012512
-9999 -9999 0.408128529787064 0.408481031656265 0.409009012736772 0.409699269533157 0.410340625047684 0.411320073604584 0.412510644197464 0.414587156772614 0.420138328075409 0.418219339847565 0.418251514434814 0.420409064292908 0.422996909618378 0.425330811738968 0.428416516780853 0.433143743276596 0.435573855638504 0.442163339853287 0.44989763379097 0.455434050559998 0.461320674419403 0.465687075853348 0.472929898500442 0.482149646282196 0.491890094280243 0.500116513967514 0.50694308757782 0.511784744262695 0.520343806743622 0.526770417690277 0.532424690723419 0.536175546646118 0.543251345157623 0.549551837444305 0.553543906211853 0.560597751140595 0.56540515422821 0.567593433856964 0.570256006717682 0.576594519615173 0.579955661296845 0.58248172044754 0.587335934638977 0.592715542316437
0.406768492289952 0.408107883163861 0.408977401753267 0.409517947435379 0.409848213195801 0.410640350580215 0.411087772846222 0.412430922985077 0.413342424631119 0.41372501373291 0.418281975984573 0.421499807834625 0.418087639808655 0.42043029665947 0.422717795372009 0.425694587230682 0.428155341148376 0.432395671606064 0.435732042789459 0.445095001459122 0.44867369055748 0.456649416685104 0.463957142829895 0.469234230518341 0.474292163848877 0.482774487733841 0.492081758975983 0.50096759557724 0.508420803546906 0.513204598426819 0.521540188789368 0.52927197933197 0.532539823055267 0.536304850578308 0.543554122447968 0.54940131187439 0.552686910629272 0.560131988525391 0.5623064661026 0.567748641967773 0.568493449687958 0.573966143131256 0.579101190567017 0.581018118858337 0.583759849071503 0.588069090843201
0.408707146644592 0.409774672985077 0.411241455078125 0.41177542090416 0.411665502786636 0.41281725525856 0.412913151979446 0.415380921363831 0.414732477664948 0.414562323093414 0.416032065153122 0.417614634037018 0.419334722757339 0.421258333921432 0.423061867952347 0.425767401456833 0.432217327356338 0.432792867422104 0.437883651256561 0.443004370927811 0.446073877811432 0.45471574306488 0.462155421972275 0.469619604349136 0.476111227273941 0.482429747581482 0.491290715932846 0.502586162090301 0.509862072467804 0.515989596843719 0.523439605236053 0.527415373325348 0.534100213050842 0.541822690963745 0.545209646224976 0.547555649280548 0.553141107559204 0.55801917552948 0.562003047466278 0.5674609375 0.56750244140625 0.569417848587036 0.574462847709656 0.579607200622559 0.581014213562012 0.58470883846283
0.411222128868103 0.412229722738266 0.413588383197784 0.414475538730621 0.415334974527359 0.41680473446846 0.415891492366791 0.415426983833313 0.414665360450745 0.415352735519409 0.416552950143814 0.418009738922119 0.420312727689743 0.422871214151382 0.424386433362961 0.426271893978119 0.429154574871063 0.431287477016449 0.434151147603989 0.439034708738327 0.446365802288055 0.454128986597061 0.459451605081558 0.466286880970001 0.474137982130051 0.482737643718719 0.491378198862076 0.499847264289856 0.507240660190582 0.515816941261292 0.524608678817749 0.527597057819366 0.536334271430969 0.543454205989838 0.547076349258423 0.549195625782013 0.554730181694031 0.558019664287567 0.56243132352829 0.567112302780151 0.566693403720856 0.565875678062439 0.571812915802002 0.57628072977066 0.580494554042816 0.58102639913559
0.413899577856064 0.415052771568298 0.416772593259811 0.41780079126358 0.42004895567894 0.42153636097908 0.419445720911026 0.416236873865128 0.415809479951859 0.416596640348434 0.41822539806366 0.41965497136116 0.421872878074646 0.424155519008636 0.425980404615402 0.427584381103516 0.428858159780502 0.430762212276459 0.433413419723511 0.438031079769135 0.445161403417587 0.450703799724579 0.457775446176529 0.464946296215057 0.472670903205872 0.481002722978592 0.48910888671875 0.495225421190262 0.504874656200409 0.51428628206253 0.521575284004211 0.528760297298431 0.535348925590515 0.540447897911072 0.543082292079926 0.550140995979309 0.554227724075317 0.556127440929413 0.561308093070984 0.563544583320618 0.560929527282715 0.564548373222351 0.568887195587158 0.57491792678833 0.578154048919678 0.577814826965332
0.417146837711334 0.418485262393951 0.420409976243973 0.421260684728622 0.422337975502014 0.421525576114655 0.421229817867279 0.419331655502319 0.418848000764847 0.419009865522385 0.420623856782913 0.422070758342743 0.424135036468506 0.426002572774887 0.427647639513016 0.429052181243896 0.430177367925644 0.431479897499084 0.433918707370758 0.437853230237961 0.443385891914368 0.449185320138931 0.455592964887619 0.462930300235748 0.470179082155228 0.478695805072784 0.486484879255295 0.492603585720062 0.50018235206604 0.511340270042419 0.522841582298279 0.527221493721008 0.530101497173309 0.533175101280212 0.537886390686035 0.54322723865509 0.54839451789856 0.553653020858765 0.556775825023651 0.557833814620972 0.558218269348145 0.561359870433807 0.567701234817505 0.572929060459137 0.574103786945343 0.575543549060822
0.421054527759552 0.421948124170303 0.423908339738846 0.426755501031876 0.426911895275116 0.423811123371124 0.424665832519531 0.422771525382996 0.423360435962677 0.422533078193665 0.423772040605545 0.425258766412735 0.427539463043213 0.42876190662384 0.429921969175339 0.431106089353561 0.431930702924728 0.433023637533188 0.435459002256393 0.438840146064758 0.44313835144043 0.447861875295639 0.453695586919785 0.460228439569473 0.467075620889664 0.475002300739288 0.482345091104507 0.49008703827858 0.498552387952805 0.507038507461548 0.512471115589142 0.522353498935699 0.527628192901611 0.52929342508316 0.533184568881989 0.539630279541016 0.545871071815491 0.549061372280121 0.549292545318603 0.5502667760849 0.554389588832855 0.559902713298798 0.561638586521149 0.566335501670837 0.568003304004669 0.57059357881546
