Rasters_Shapefiles/SOMO29.asc
NCOLS 171 
NROWS 108 
XLLCORNER 210004.651214014 
YLLCORNER 7285008.22228844 
CELLSIZE 5000 
NODATA_value -9999 
[rows 40 to 59 of 108, columns 0 to 45 of 171]
-9999 -9999 -9999 -9999 -9999 -9999 -9999 -9999 -9999 -9999 -9999 -9999 -9999 -9999 -9999 -9999 -9999 -9999 -9999 -9999 -9999 -9999 -9999 -9999 -9999 -9999 0.29921118915081 0.295931316614151 0.290597178936005 0.285465959310532 0.279943088293076 0.273969857692719 0.27047577381134 0.272695344686508 0.27571901679039 0.280145593881607 0.285522975921631 0.292022519111633 0.300333986282349 0.30855460524559 0.314781703948975 0.320068967342377 0.325931768417358 0.331431210041046 0.337106566429138 0.340379267930984
-9999 -9999 -9999 -9999 -9999 -9999 -9999 -9999 -9999 -9999 -9999 -9999 -9999 -9999 -9999 -9999 -9999 -9999 -9999 -9999 -9999 -9999 -9999 -9999 0.31140720181995 0.306926185176486 0.301103644371033 0.295964460372925 0.291406378746033 0.286000664234161 0.280441395044327 0.274495394229889 0.27299111366272 0.27622881770134 0.279664860963821 0.284199670553207 0.290185524225235 0.297275247573853 0.30432697057724 0.312945277690887 0.320499979257584 0.328259403705597 0.331049774885178 0.33672891497612 0.343172240257263 0.34957456946373
-9999 -9999 -9999 -9999 -9999 -9999 -9999 -9999 -9999 -9999 -9999 -9999 -9999 -9999 -9999 -9999 -9999 -9999 -9999 -9999 -9999 0.328476969152689 0.324318712949753 0.319055424133937 0.313983322381973 0.308267602920532 0.302695010900497 0.296637223958969 0.2916366147995 0.287018684148788 0.28154297709465 0.276041775941849 0.276234798431396 0.27951916217804 0.283484915494919 0.288346149921417 0.294502930641174 0.302295351028442 0.310334911346436 0.316183182001114 0.326229894161224 0.333007491827011 0.338245306015015 0.342064801454544 0.348722596168518 0.353088722229004
-9999 -9999 -9999 -9999 -9999 -9999 -9999 -9999 -9999 -9999 -9999 -9999 -9999 -9999 -9999 -9999 -9999 -9999 0.344631334145864 0.340431161224842 0.335490814277104 0.329758311510086 0.324931998252869 0.320596231222153 0.315173647403717 0.310090734958649 0.305392009019852 0.299111875295639 0.293656167984009 0.288765751123428 0.283495050668716 0.278083815574646 0.279470137357712 0.283055591583252 0.288546252250671 0.291938378810883 0.298189588785171 0.304987074136734 0.311974438428879 0.322561830282211 0.328554521799088 0.335210826396942 0.342016396522522 0.347556165456772 0.351087353229523 0.35533588886261
-9999 -9999 -9999 -9999 -9999 -9999 -9999 -9999 -9999 -9999 -9999 -9999 -9999 -9999 -9999 0.367216438055038 0.36297977467378 0.354127700130145 0.347441547296264 0.341046469211578 0.335791081190109 0.330870760679245 0.326206248998642 0.321548582315445 0.316692320108414 0.312063037157059 0.307068969011307 0.302096482515335 0.296379715204239 0.291841819286346 0.28753328204155 0.281549990177155 0.282560900449753 0.286993230581284 0.293890061378479 0.296599353551865 0.300944612026215 0.306222748756409 0.316216692924499 0.3219819688797 0.327892619371414 0.334294503927231 0.34091688990593 0.346216056346893 0.349474906921387 0.352527022361755
-9999 -9999 -9999 -9999 -9999 -9999 -9999 -9999 -9999 -9999 -9999 -9999 -9999 0.38298636674881 0.378087971359491 0.371236737966538 0.363829439878464 0.355526204109192 0.348708177804947 0.341816010475159 0.335934761762619 0.332582442760468 0.327967180013657 0.323556301593781 0.318467613458633 0.313801857233047 0.309570379257202 0.305366085767746 0.299522854089737 0.295357625484467 0.292531304359436 0.286136668920517 0.285878961086273 0.290756430625916 0.296719094514847 0.302565133571625 0.305446979999542 0.309457782506943 0.31675793170929 0.322822449207306 0.330354211330414 0.333530128002167 0.339870965480804 0.343460290431976 0.349518843889236 0.356087529659271
-9999 -9999 -9999 -9999 -9999 -9999 -9999 -9999 -9999 -9999 -9999 -9999 0.390405376752218 0.3863574847579 0.379537397623062 0.372034965753555 0.364248222112656 0.357552152872086 0.349526668787003 0.343614319562912 0.337257734537125 0.33275808095932 0.328537935018539 0.324266091585159 0.319581252336502 0.31513045668602 0.311655445098877 0.308070162534714 0.303317536115646 0.301182595491409 0.293198648691177 0.290025463104248 0.289693443775177 0.294202342033386 0.297524130344391 0.305047162771225 0.311075611114502 0.314364746809006 0.317556439638138 0.323073291778564 0.332814388275146 0.341830060482025 0.341271066665649 0.346907361745834 0.352127555608749 0.354563848972321
-9999 -9999 -9999 -9999 -9999 -9999 -9999 -9999 -9999 -9999 0.377695163091024 0.380802471722875 0.384696914503972 0.382927848100662 0.377505842447281 0.371292321681976 0.363817989826202 0.357648055553436 0.349995135068893 0.343723862171173 0.337725917100906 0.333382405042648 0.328691040277481 0.324487490653992 0.320226892232895 0.315668542385101 0.312834264039993 0.309704945087433 0.306074883937836 0.302879832983017 0.296867426633835 0.292251930236816 0.293308320045471 0.297193254232407 0.301957927942276 0.307580384016037 0.313161079883575 0.316473118066788 0.320774718523026 0.32642646074295 0.334284955263138 0.34773286819458 0.352555354833603 0.346159243583679 0.348659582138062 0.353028906583786
-9999 -9999 -9999 -9999 -9999 -9999 -9999 -9999 -9999 0.369990291920575 0.373138880978028 0.375974706411362 0.377270600795746 0.376271973848343 0.373241778612137 0.368839889764786 0.36234059214592 0.356333800554275 0.349214119911194 0.343182334899902 0.337733261585236 0.332464209794998 0.32784184217453 0.324030902385712 0.320283492803574 0.316300566196442 0.312756824493408 0.310763331651688 0.307802003622055 0.304827498197556 0.301759594678879 0.298545690774918 0.299022821187973 0.298957388401031 0.304083448648453 0.31228677034378 0.317470041513443 0.320327745676041 0.323769170045853 0.330730428695679 0.337408903837204 0.346480793952942 0.354726346731186 0.357812126874924 0.350743991136551 0.351378895044327
-9999 -9999 -9999 -9999 -9999 -9999 -9999 -9999 -9999 0.363639594692933 0.367213628292084 0.370211066007614 0.369286597967148 0.368522039651871 0.367476513385773 0.364673856496811 0.359867074489593 0.354306477308273 0.347957147359848 0.342148125171661 0.336528805494308 0.331177771091461 0.326466872692108 0.323126784563065 0.319972652196884 0.316625759601593 0.312748575210571 0.310669045448303 0.308788809776306 0.305504578351974 0.303980778455734 0.301359544992447 0.298961223363876 0.30086406826973 0.305501606464386 0.312612236738205 0.318919296264648 0.321955057382584 0.326495772600174 0.333105806112289 0.338370581865311 0.345439678430557 0.35367186665535 0.357574492692947 0.361197664737701 0.355815162658691
-9999 -9999 -9999 -9999 -9999 -9999 -9999 -9999 0.353298564751943 0.356212948975356 0.360611298084259 0.363002891540527 0.362122786045074 0.360322822332382 0.360563309192657 0.358770489692688 0.355969828367233 0.351817991733551 0.345706675052643 0.340017902851105 0.333843604326248 0.328617817163467 0.324740514755249 0.321757146120071 0.318765878677368 0.316043174266815 0.313079918622971 0.308951418399811 0.308329280614853 0.30555083155632 0.302352803945541 0.297358857393265 0.296240903139114 0.303044372797012 0.306534136533737 0.311163182258606 0.321108363866806 0.325283311605453 0.330085163116455 0.335400986671448 0.34021458864212 0.344856543540955 0.351367529630661 0.358523582220078 0.363680163621902 0.366009813547134
-9999 -9999 -9999 -9999 -9999 -9999 -9999 -9999 0.345666275783019 0.34904935836792 0.351609375476837 0.3528959608078 0.353172495365143 0.352496436834335 0.35242476940155 0.352010511159897 0.350425865650177 0.348494838476181 0.342375851869583 0.335715389251709 0.32992832660675 0.325244634151459 0.32188197851181 0.31946627497673 0.316758273839951 0.314920763969421 0.312357840538025 0.308919957876205 0.304950028657913 0.303376703262329 0.302814363241196 0.296302260160446 0.296176106929779 0.302216726541519 0.309112391471863 0.311890078783035 0.318203837871551 0.32545058965683 0.329765152931213 0.332854593992233 0.336850409507751 0.344678696393967 0.349367244243622 0.355036495923996 0.360736775398254 0.367204998731613
-9999 -9999 -9999 -9999 -9999 -9999 -9999 0.336820241063833 0.339559124708176 0.341734539270401 0.3423757147789 0.3431589448452 0.343592964410782 0.343757597208023 0.344270545244217 0.343688871860504 0.342776658535004 0.341169636249542 0.336567171812057 0.330787366628647 0.325066578388214 0.321241604089737 0.318629100322723 0.31636757850647 0.314577161073685 0.314038126468658 0.312155259847641 0.310173773765564 0.305541917085648 0.301219880580902 0.298541067838669 0.295029554367065 0.295646315813065 0.301592643260956 0.309124380350113 0.312051342725754 0.315991857051849 0.322786492109299 0.327931224107742 0.330841273069382 0.333528550863266 0.338835172653198 0.346112171411514 0.353635545969009 0.357299803495407 0.363760849237442
-9999 -9999 -9999 -9999 -9999 -9999 0.328950688242912 0.330469897815159 0.331996165513992 0.334678915739059 0.336328440904617 0.335363738536835 0.335450646877289 0.335761859416962 0.336066459417343 0.33558287024498 0.333892431259155 0.332018560171127 0.328745955228806 0.324480010271072 0.319326140880585 0.31647608757019 0.314420412778854 0.3127308177948 0.31131867647171 0.310028225183487 0.310061223506927 0.311710321903229 0.307877434492111 0.298951990604401 0.294331603050232 0.293438040018082 0.296386789083481 0.300478528738022 0.305417656898499 0.309967159032822 0.315232824087143 0.319860594272614 0.325772453546524 0.328828848600388 0.332566274404526 0.336366311311722 0.342572001218796 0.346765439510345 0.35446824669838 0.361971884965897
-9999 -9999 -9999 -9999 -9999 -9999 0.321407049894333 0.32453106880188 0.324801524877548 0.32565411567688 0.328133311271668 0.327271608114243 0.327642030715942 0.327992016077042 0.326830168962479 0.326577533483505 0.325073884725571 0.322969144582748 0.319826701879501 0.317529021501541 0.313545372486115 0.311670764684677 0.310057941675186 0.309140895605087 0.308056131601334 0.306843949556351 0.306764940023422 0.309630823135376 0.308960233926773 0.295170443058014 0.290990331172943 0.290935513973236 0.296642088890076 0.301867405176163 0.304567737579346 0.309436215162277 0.313711521625519 0.317582598924637 0.320881987810135 0.324132698774338 0.328790541887283 0.333417491912842 0.340414552688599 0.348505699634552 0.35068852186203 0.356817388534546
-9999 -9999 -9999 -9999 -9999 0.313624083995819 0.314221659675241 0.31699690580368 0.317469078302383 0.316529879570007 0.317958205938339 0.318975274562836 0.318993581533432 0.318854491710663 0.317897038459778 0.317179547548294 0.316763082742691 0.314712471961975 0.311839663982391 0.309400037527084 0.307422369718552 0.306600962877274 0.305677298307419 0.30536954164505 0.304829852581024 0.304042749404907 0.303994240760803 0.304813655614853 0.301445529460907 0.29324267745018 0.288413689136505 0.2890067923069 0.29403586268425 0.297748597860336 0.301254529953003 0.305473070144653 0.310170450210571 0.312579172849655 0.316325470209122 0.320310158729553 0.325211148262024 0.327813841104507 0.333307107686996 0.341434932947159 0.347608376741409 0.355270317792892
-9999 -9999 -9999 -9999 -9999 0.304521227876345 0.30739056194822 0.308087620735168 0.310002422332764 0.308705269098282 0.309847666025162 0.310464928150177 0.31037192940712 0.310099905729294 0.308970890045166 0.307826743125916 0.306650588512421 0.305262453556061 0.303715673685074 0.301557703018188 0.300821251869202 0.300664050579071 0.300644894838333 0.300680328607559 0.301463111639023 0.3006591796875 0.301954033374786 0.302621266841888 0.304018868207932 0.291698157787323 0.287606226205826 0.28844092130661 0.292028875350952 0.296116796731949 0.302028639316559 0.307357933521271 0.306863212585449 0.309692200422287 0.312918031215668 0.31629380941391 0.319544563293457 0.322944750785828 0.325426017045975 0.33155398607254 0.339864475727081 0.34635395526886
-9999 -9999 -9999 -9999 -9999 0.299347770710786 0.299650555849075 0.300454435348511 0.301374205350876 0.302028126716614 0.302330185174942 0.302778660058975 0.302605962753296 0.302180162668228 0.300827039480209 0.299305438995361 0.297390710115433 0.295804377794266 0.295416215658188 0.295074611902237 0.294319232702255 0.29581739783287 0.296907466650009 0.29733637213707 0.297733761072159 0.296213699579239 0.297568088769913 0.299706455469131 0.304987881183624 0.290805025100708 0.291950427293777 0.288001569509506 0.291415060758591 0.295181766748428 0.301290626525879 0.309159015417099 0.306035016775131 0.308037935495377 0.310158364772797 0.313103449344635 0.315224025249481 0.31830180644989 0.321516704559326 0.325705493688583 0.32963565826416 0.337645599842072
-9999 -9999 -9999 -9999 0.290275648236275 0.292464876174927 0.292893586158752 0.293234812021256 0.293457599878311 0.29398653626442 0.29504745721817 0.295687437057495 0.294982455968857 0.294610373973846 0.293485753536224 0.292060364484787 0.290060653686523 0.28830047249794 0.288391852378845 0.289150621891022 0.289066344499588 0.288928924798965 0.292156997919083 0.293819428682327 0.295201256275177 0.294282890558243 0.292797000408173 0.296541657447815 0.298122758865356 0.290303231477737 0.289564106464386 0.287814733982086 0.290510630607605 0.29390792965889 0.297198587656021 0.300719828605652 0.303143917322159 0.305062433481216 0.307626413106918 0.308446725606918 0.3110871052742 0.313724366426468 0.31832423210144 0.321724691390991 0.324476540088654 0.332111303806305
-9999 -9999 -9999 -9999 0.286258559674025 0.286058889782947 0.285753816366196 0.287084053754807 0.28705356836319 0.287309377193451 0.28741282582283 0.288385591506958 0.28788321852684 0.288392670154572 0.287202450037003 0.286243140697479 0.284807804822922 0.283814960718155 0.283685923814774 0.284286160469055 0.284274165630341 0.283340746164322 0.289499269723892 0.291822401285172 0.293134816884994 0.293755494356155 0.289003558158875 0.290628038644791 0.293994083404541 0.291612423658371 0.289012974500656 0.287673592567444 0.289174481630325 0.292715985774994 0.295813156366348 0.298375087976456 0.298808747529984 0.300606429576874 0.302554664611816 0.304362148046494 0.307579901218414 0.310025908946991 0.313258508443832 0.316789541244507 0.320400159358978 0.325505449771881
