Rasters_Shapefiles/SOMO31.asc
NCOLS 171 
NROWS 108 
XLLCORNER 210004.651214014 
YLLCORNER 7285008.22228844 
CELLSIZE 5000 
NODATA_value -9999 
[rows 21 to 41 of 108, columns 94 to 140 of 171]
103.02213104248 103.246473999023 103.042193603516 102.753453979492 103.520176391602 103.755749816895 104.289063720703 104.464876098633 104.705208435059 104.928153381348 104.92386932373 104.655854187012 104.274902038574 103.836491088867 103.503480224609 103.261080322266 102.998408508301 102.813777160645 102.715604553223 102.775216064453 103.024244384766 103.47241394043 104.052446594238 105.196116027832 105.912575378418 106.586689758301 107.252746582031 107.851505737305 108.295203857422 108.452250976562 108.511228637695 106.990686035156 107.58579498291 106.215871887207 108.078966674805 108.477153930664 108.394327087402 108.417140197754 108.551304626465 108.395370788574 108.239347839355 108.568461303711 108.486284790039 108.219067687988 107.746309204102 107.534291687012 107.068148498535
103.055082397461 102.999371032715 102.688294677734 103.003773498535 103.676695861816 103.955900268555 104.380207519531 104.098733825684 104.503735046387 104.814097900391 104.878271789551 104.677477111816 104.303623657227 103.902103271484 103.609644470215 103.375182495117 102.866772766113 102.99610748291 102.896926574707 102.961888122559 103.102445678711 103.494031066895 104.129834594727 104.944693603516 105.587464904785 106.214121704102 106.977083129883 107.626381835937 108.15173248291 108.522194213867 108.687222595215 107.521109313965 105.974262390137 108.507156677246 108.682597961426 108.390121459961 108.484075622559 108.120507202148 108.678250427246 108.710585021973 108.684830627441 108.844609985352 108.809809875488 108.659635925293 107.420631103516 107.35843170166 107.446870727539
102.713725891113 102.659965209961 102.81083770752 103.147905273438 103.614521179199 103.979632568359 104.414065551758 104.21210144043 104.369622802734 104.648540649414 104.824115600586 104.629264526367 104.251152038574 103.881930236816 103.598782958984 103.296290893555 102.674213867188 102.90557800293 102.914434204102 102.972858276367 103.125144348145 103.462084350586 104.043315124512 104.644080505371 105.107718505859 105.553665161133 106.371847839355 107.052163696289 107.633965759277 108.077463989258 108.132369995117 107.55142364502 108.131538391113 108.770892333984 108.783303527832 108.668778076172 108.640235290527 108.485831298828 108.470398864746 108.490357971191 108.451155090332 108.437466125488 108.359344787598 108.692477722168 108.631188049316 108.638803710937 108.161299743652
102.726661682129 102.878354187012 102.995523376465 102.844847412109 103.389474182129 104.039284057617 104.26928527832 104.422579345703 104.564335021973 104.813612365723 104.78693359375 104.538881225586 104.151241149902 103.768874511719 103.481475219727 103.051065673828 102.080086669922 102.337432556152 102.737530517578 102.851510925293 102.991209106445 103.246489257812 103.733428649902 104.106252746582 104.412470092773 104.927035827637 105.624582519531 106.121022949219 106.957043151855 107.393334350586 106.441266174316 107.270389709473 108.005858459473 108.377135925293 108.476060180664 108.39043548584 108.25499206543 107.89647277832 107.792854309082 107.895020751953 107.955162658691 107.940292358398 107.669040527344 108.248804931641 108.500315246582 108.424329528809 108.202798461914
102.79988067627 103.054287109375 103.101702575684 102.957788391113 103.306795959473 103.778291015625 103.857877197266 104.275385437012 104.682325439453 104.755982971191 104.576926574707 104.284639892578 103.95583984375 103.578409729004 103.199895019531 102.811490478516 102.129179382324 102.038789672852 102.471078491211 102.558647766113 102.67581817627 102.982926025391 103.326572570801 103.64903503418 103.614838562012 104.432635803223 105.03816986084 105.538237915039 106.262962646484 106.521694335937 105.731963195801 104.780401611328 106.704821777344 107.714777526855 107.699316711426 107.799086914062 107.534473266602 107.077670898438 106.624217224121 107.247537231445 107.286237487793 107.477848815918 107.715093688965 107.765751953125 107.972398681641 107.7374609375 107.318330688477
102.190610046387 102.422315368652 102.134423828125 102.824128112793 102.801155395508 103.142227783203 103.615933532715 103.96989074707 104.413460083008 104.45927154541 104.41345489502 104.069516906738 103.740648193359 103.215487670898 101.980950927734 101.254695129395 101.015263061523 100.719362792969 102.101877441406 102.110947570801 102.214624023437 102.590691223145 102.888916320801 103.039747924805 103.193464355469 103.646070556641 104.266345825195 104.806671142578 105.535729064941 105.306742858887 104.172539672852 104.441119995117 105.384191589355 106.323494873047 106.853096923828 107.061123657227 107.089895629883 106.443838806152 106.303676147461 106.608545837402 106.592120361328 106.510977478027 106.777770385742 107.368324890137 107.478244934082 107.248588867187 106.671002502441
101.428461914062 102.18032043457 101.856315917969 102.412508239746 102.18559967041 102.637665405273 103.004468078613 103.456649169922 104.00384552002 104.13572052002 104.075431518555 103.81449005127 103.512753601074 102.477766723633 100.562645263672 99.9071789550781 100.142788085937 100.088984985352 101.305354614258 100.967388305664 101.013793640137 101.798238220215 102.252933654785 102.353970336914 102.809033508301 102.894878234863 103.053264160156 102.707179260254 103.438717041016 103.056089477539 103.060892944336 103.427427062988 104.868932495117 105.850480651855 105.304746398926 106.074234313965 106.604882202148 106.124665222168 105.579149780273 105.621170959473 105.913387145996 106.030517272949 106.006250305176 106.206152038574 107.135872192383 106.71464630127 105.578898925781
100.967937011719 101.326682739258 101.658074951172 101.889296264648 101.924093017578 102.046573181152 102.475213928223 103.082328491211 103.6425 103.683221130371 103.561530456543 103.391465759277 103.08009765625 101.803966674805 101.200199890137 100.66124420166 99.1414974975586 100.098161010742 100.644504394531 100.306682128906 99.077585144043 100.117281799316 101.406071777344 101.658754272461 101.984186096191 102.042397155762 102.5666015625 102.519726257324 103.378644104004 103.233038330078 102.788660583496 102.712641601562 104.416761779785 105.35638885498 104.781292114258 105.056352539063 105.582214660645 104.929119262695 103.806152038574 104.555936279297 105.538055725098 105.957851257324 105.736639709473 105.419904785156 106.578599853516 106.263146972656 104.871929626465
100.923297729492 100.822608947754 101.012656860352 100.828902587891 100.490037231445 101.508861083984 102.191342163086 102.696629943848 102.803602905273 102.890667114258 102.905839538574 102.786011047363 102.3000390625 101.331120300293 100.462153320312 99.0550088500976 99.1928479003906 99.6041558837891 99.1262805175781 99.4075399780273 98.9437118530273 100.925391235352 100.768148498535 101.390811462402 101.167328186035 101.67650177002 101.938999328613 102.837972412109 102.947973327637 103.105580749512 102.254689025879 102.605656433105 103.538844299316 104.086546020508 103.737753295898 103.988748168945 104.295644836426 103.98271697998 103.29892791748 104.123678588867 105.334307250977 105.693411865234 105.402231445312 104.981858520508 106.217376403809 105.669768676758 104.607333374023
100.7457421875 100.643008422852 100.482246398926 99.8906332397461 99.9277410888672 100.867152709961 101.438928527832 101.708486022949 102.029171447754 102.054320983887 102.053535461426 101.631170043945 101.416315002441 100.433118591309 99.8536563110352 100.51572052002 99.0354049682617 98.3776867675781 97.607360534668 98.0015325927734 99.2673202514648 100.39087097168 99.4960733032227 100.936732177734 101.305043334961 101.231469421387 101.545220031738 101.943571777344 102.179070739746 102.153551940918 102.423924560547 102.96757598877 103.01431854248 102.371204223633 103.20692565918 102.866529541016 102.691062316895 102.578643798828 103.977221984863 104.862690429688 104.66531463623 105.004913024902 105.038735351562 104.602053527832 105.693292236328 105.968269042969 104.941094055176
100.269643249512 100.173898010254 99.9807211303711 99.2492126464844 99.3547808837891 100.320628051758 100.385273132324 100.575335083008 101.031117858887 100.668102111816 100.479412231445 100.551711425781 99.7990200805664 99.5508688354492 99.7733197021484 99.8452377319336 98.8213299560547 97.9610870361328 97.0107748413086 97.7734332275391 99.4281741333008 99.9022814941406 99.3277374267578 100.333238525391 101.017939147949 101.239618225098 101.436996765137 101.621692504883 101.608320922852 101.53566986084 101.479023742676 102.198251037598 102.307763061523 100.867765808105 101.577406921387 102.206622314453 102.923973999023 103.277752380371 104.618085021973 104.124717102051 103.423107299805 104.438067932129 104.49416809082 104.581695251465 105.244161376953 105.776083068848 105.072607116699
99.6980694580078 99.6930059814453 99.2875390625 99.0992028808594 98.8124383544922 98.4422750854492 98.942844543457 98.653616027832 98.9891708374023 97.6928051757812 98.3158193969727 99.4195523071289 100.569139404297 100.252576599121 99.076594543457 99.3998245239258 98.3013809204102 97.1718841552734 96.3763543701172 96.889928894043 98.9006314086914 99.4126818847656 99.0545587158203 100.043395080566 100.275970458984 100.661061401367 101.288449401855 101.653572998047 101.629187927246 101.410945129395 101.297031555176 101.338346252441 101.512247924805 100.459111633301 100.034414367676 101.119760131836 101.82174987793 102.840158081055 103.648525085449 102.792723693848 102.172070007324 103.290980834961 103.873797607422 104.315707092285 105.104341125488 105.050652770996 105.233498840332
98.754801940918 99.0090020751953 98.8788430786133 97.9939892578125 97.7420797729492 96.9550457763672 96.1048489379883 96.5104122924805 98.4952069091797 96.9551171875 97.1478689575195 98.6130307006836 99.5776370239258 99.765895690918 98.9926095581055 98.5032733154297 98.7484686279297 97.2678057861328 96.1385147094727 97.0527130126953 98.4937905883789 98.6792004394531 99.2261148071289 99.5614306640625 99.5773461914062 99.9123382568359 100.580703735352 101.10738861084 101.440462036133 101.198099060059 101.328999328613 101.139984130859 100.631182556152 99.9704962158203 99.1086032104492 100.189699401855 101.864294433594 103.380515136719 102.185318908691 102.021771850586 101.051655273438 101.369525146484 102.871744384766 104.001167907715 104.740144958496 104.970536499023 105.341525268555
98.228606262207 98.3647500610352 98.1557421875 96.3140539550781 95.5060620117188 95.1334030151367 95.379421081543 96.5223767089844 97.7297802734375 97.5721731567383 97.7999252319336 98.380456237793 99.3414859008789 98.1110302734375 98.0325897216797 97.4828530883789 97.2482092285156 96.6092184448242 97.2858850097656 97.4405065917969 97.9244906616211 98.1817846679688 98.8925445556641 99.2494979858398 99.4348236083984 99.3004864501953 100.539408874512 100.852189941406 100.909607543945 100.959911804199 100.669576416016 100.652729797363 100.419927978516 99.3729827880859 99.0574014282227 101.074061279297 102.348518981934 102.604130859375 101.522580566406 101.448876342773 99.9960928344727 100.169362487793 101.600934448242 103.431018981934 104.347020874023 104.631182250977 104.616512451172
97.3565872192383 97.4600183105469 97.6450732421875 97.2129437255859 96.0476861572266 95.4897805786133 93.9839855957031 95.8633520507812 97.3167309570313 97.5971755981445 98.2177542114258 98.5753823852539 97.1407736206055 97.0122872924805 96.5406311035156 96.4170660400391 96.4772268676758 97.1431155395508 98.2091439819336 98.2868005371094 97.9667694091797 97.109084777832 97.9727713012695 98.8048599243164 99.5275823974609 99.595595703125 100.079945068359 100.732624206543 100.498268432617 100.13519317627 99.7703073120117 99.8437078857422 99.7509637451172 98.9179443359375 100.280758056641 101.932867431641 102.555733032227 100.244144897461 100.508273010254 100.301554870605 99.5213653564453 98.4376119995117 100.384817199707 102.739002075195 103.680869445801 104.039266052246 103.595487060547
96.5981518554688 96.2698574829102 96.6979104614258 96.5964303588867 95.2307763671875 95.275979309082 93.882522277832 95.176706237793 95.9473937988281 95.8427908325195 97.546682434082 97.8960412597656 98.1223025512695 97.896608581543 97.3376858520508 97.1117858886719 96.1855923461914 97.1743743896484 97.6023675537109 98.3572116088867 98.407392578125 97.7010864257813 97.5496661376953 98.2297149658203 99.3775735473633 99.6773919677734 99.7565560913086 100.365823974609 100.276982116699 99.8860339355469 99.3967468261719 99.1861270141601 99.1238732910156 98.5710577392578 99.9598190307617 101.678686218262 101.427515258789 99.3406457519531 99.4385537719726 99.6893969726563 99.218317565918 98.2680877685547 100.399739685059 102.518974914551 102.690287780762 103.243994445801 103.095614318848
95.5896047973633 95.4707797241211 95.3890246582031 95.8930828857422 95.1231484985352 94.7485952758789 94.1637530517578 93.9662979125977 93.5873226928711 94.7016415405273 95.6377243041992 96.700690612793 98.387594909668 98.4942611694336 98.3377081298828 97.2171179199219 96.1913177490234 96.8985125732422 97.1892889404297 98.0354974365234 98.1262475585937 98.2691903686523 98.6387286376953 98.337578125 98.5851510620117 99.2960510253906 99.4206506347656 99.9608154296875 99.8790939331055 99.5582760620117 99.0785208129883 98.8008312988281 99.7078500366211 100.648318786621 101.085517578125 101.263280334473 100.425102844238 98.5044482421875 97.5118365478516 98.6847250366211 99.4873135375977 99.4711953735352 101.34671875 101.694422302246 101.988882446289 103.068659362793 102.682405090332
94.2196115112305 94.3787222290039 94.2510717773438 94.7963052368164 94.9332730102539 94.6023178100586 94.0394659423828 93.0446374511719 93.0303707885742 94.6874179077148 94.9642358398438 96.9590478515625 97.7989059448242 98.5655026245117 98.3693551635742 97.5723428344726 96.5557998657227 96.5419372558594 96.4167260742187 96.7279141235352 98.3785302734375 98.1787805175781 99.0710055541992 99.2092514038086 99.0154293823242 98.5490292358398 98.3601205444336 99.3510610961914 99.431845703125 99.1891021728516 98.8262200927734 98.2670635986328 100.137700500488 99.6633865356445 98.9981503295898 99.5932684326172 98.5582437133789 96.8228216552734 97.3492684936523 98.8158563232422 99.9582800292969 100.36929473877 101.325639953613 100.576387329102 100.925766906738 102.072401428223 102.549038085937
93.7439157104492 93.4421499633789 93.0665103149414 93.4768075561523 93.7612005615234 93.3364831542969 92.7325729370117 91.9815191650391 92.3079940795898 93.3814782714844 94.6563375854492 96.1274673461914 97.6508700561523 98.1826861572266 97.8358905029297 97.525458984375 97.1997817993164 96.5360260009766 95.8587078857422 95.526953125 98.3350250244141 98.8790075683594 98.9659307861328 99.0724792480469 99.1694549560547 98.9371084594727 98.3051293945312 97.951174621582 98.3431494140625 98.2764981079102 97.5192880249023 99.3072399902344 99.6162841796875 99.2605172729492 99.218059387207 99.516750793457 97.48984375 96.7783535766602 97.5568273925781 98.3702270507813 98.9492211914063 99.8559146118164 99.9190631103516 99.2254925537109 100.423693847656 101.436867370605 102.585551452637
93.7510607910156 93.1024176025391 92.4136264038086 92.0326403808594 92.3484854125977 92.2221694946289 92.061242980957 91.4394833374024 91.2897204589844 92.9514434814453 93.9093814086914 94.4858767700195 97.1242874145508 97.5762319946289 97.3211273193359 96.7592922973633 96.6635272216797 96.5245098876953 95.5362887573242 95.5762170410156 98.175075378418 98.574416809082 98.9750366210938 98.9003796386719 99.0226901245117 98.5008700561523 98.1091467285156 96.9026788330078 95.8023980712891 96.4478430175781 96.8445443725586 98.1405810546875 98.3663580322266 98.902174987793 99.1295596313477 97.8020434570312 99.0546136474609 98.585491027832 98.2419927978516 98.2402206420898 98.3087985229492 98.9904684448242 99.835046081543 98.4086441040039 99.8964520263672 100.947679443359 102.551214294434
93.1612753295898 92.437099609375 91.6511102294922 91.1884521484375 90.9245236206055 91.02974609375 90.7013525390625 90.79783203125 90.1391772460938 91.2240997314453 93.6235760498047 93.1381484985352 96.2512054443359 96.6145989990234 96.7746032714844 95.9951083374023 95.8069689941406 95.7025695800781 95.0602038574219 96.3256896972656 97.6209454345703 98.1785400390625 98.6259991455078 98.7838562011719 98.6015167236328 98.2899301147461 96.6539898681641 95.134020690918 94.8585998535156 94.797272644043 96.0733822631836 96.5374987792969 96.6525115966797 95.6631228637695 97.0850625610352 97.0246728515625 99.2257809448242 98.5341101074219 98.4117156982422 97.4272897338867 98.8337786865234 99.4110446166992 98.7395941162109 97.8037991333008 99.1719799804687 100.821297302246 102.200412597656
