IBR/IBR_outputs/Nt.MSAT.TopModel_CF/CoarseFrags.asc
NCOLS 171 
NROWS 108 
XLLCORNER 210004.651214014 
YLLCORNER 7285008.22228844 
CELLSIZE 4999.99999999998 
NODATA_value -9999 
[rows 63 to 83 of 108, columns 94 to 140 of 171]
140.559170461553 157.827949045363 66.9384022109345 63.6018159322286 88.6872039869612 152.557897390097 329.351884874864 900.075839813437 1582.7976920485 1769.27475348975 1739.00195794002 1693.27187679403 1675.77744160133 1664.69056166814 1665.38557112984 1784.40163199882 1906.07960338002 1950.15802811703 1899.86215702592 1877.05343411793 1833.52901895508 1663.05255340874 1553.50097006244 1511.3035784719 1259.93426437567 396.932069156529 100.720201200534 205.475338201848 1029.59534921454 896.522058050706 497.60803292793 919.799191404041 906.20433367844 907.874674332258 867.523979114477 674.010550224966 780.802130637216 611.542689393816 245.733140382673 314.593231103159 339.216310654037 565.871877033665 541.962942921714 670.769888953582 461.804222383773 698.87633076135 663.037552047097
865.38358785751 405.588842883812 526.075065297184 233.059237854206 87.1164353509641 95.9664505582376 89.8867607495106 149.45308130114 498.400980923692 1220.62257044043 1709.39351427278 1641.9132086407 1648.63674870994 1639.04214994077 1620.76488690245 1631.71722881859 1749.73441677922 1843.52208552242 1844.62011374588 1847.68314928396 1835.49853747404 1809.74384242679 1748.96089958294 1740.44146208834 1552.27822790318 931.041690043071 641.650961734388 385.614335535586 540.342675411556 479.720946324874 482.856714747655 916.86928295555 774.319306083438 813.133565437418 821.190514372543 1091.44078314105 889.266606313835 591.032089595004 509.18340350854 258.627370126318 279.280150598613 354.804396643185 309.718523791485 315.146401419472 362.805183123767 558.03845809198 606.413634626461
816.964950117147 902.359532789525 1199.57517863469 486.655212334115 214.012835033925 101.170690093378 74.7180372514755 118.345849342058 117.060580432637 236.422319183057 1006.04383579831 1654.7937158767 1615.27787836769 1603.90641118919 1635.87648076817 1659.4089275527 1607.80265781978 1713.35407575279 1820.66356079002 1864.42060610292 1894.04367612858 1833.72751172179 1770.77343897989 1781.03618907437 1399.42765121525 1376.25672598571 1510.46046332741 1230.68590216799 392.769842822223 268.113545369778 324.955797091283 559.255111626411 894.624245605449 664.228399836516 792.30729522417 1334.60761484646 1579.55118037761 1137.14359022482 529.813250711133 305.60526386195 324.591823412962 402.846707831361 407.719232746399 560.885048213151 744.130475638126 717.234843237552 643.002573644031
588.473911622393 702.171542449722 653.376692165184 576.728307301565 299.017846779335 90.7616316302532 99.2814937206654 68.2299678615298 93.082122356272 86.1563348478397 219.267799998648 1146.60463735345 1648.99936986443 1644.64302412356 1629.75902264845 1670.89932481433 1685.49132370705 1549.7132467345 1851.0330911885 1910.30932318703 1932.44535256608 1922.52251584045 1854.72908892867 1796.84514206582 1743.3943501615 1659.5462563734 1719.84608196393 1691.57522078486 1333.23248628853 598.214827803953 540.128076164852 957.059824520635 1037.02720883559 1130.76856352209 1070.15761409655 963.03765803133 836.352114668845 987.032622210101 507.328848853111 245.024953199918 231.185059006781 491.994432095919 607.712606475646 614.216930861755 603.086371285965 894.289138759317 1170.72416388116
116.482399301729 225.313205307638 841.71801750784 485.084471964738 253.985534887218 188.865864754622 147.662363742726 117.61506021536 102.046730498249 75.1615482588111 92.9421118953958 394.352313422725 1392.91147662417 1725.47297558384 1776.67877171066 1766.35965605165 1674.67396472557 1498.1653643377 1314.07481650465 1351.044045589 1901.94306000068 1926.3838831528 1882.2189197667 1879.58513344634 1869.96716131093 1770.79499941547 1820.25887879823 1878.48048705856 1804.69395919961 1693.08103169504 1741.40409008864 1882.87718969318 1895.90471119741 1961.02975017609 1949.30743829041 1829.8545301438 1129.44265241467 1006.93708273883 1352.98966869848 486.439139610798 310.88365930542 465.58651725658 770.239472472157 496.648235431059 487.805433225199 1072.86179038369 1035.10123690865
674.485284694926 963.860918146205 554.620350507008 277.704414058155 205.215295501581 166.148160816331 115.387401852373 166.866286991839 103.937460215747 159.910640261786 113.847179709612 388.821914151368 348.805769292207 830.714716932721 1639.37354659235 1768.95366619029 1708.89897967319 1153.58835446517 569.131106241997 502.405911277999 1618.062236949 1829.7331934496 1890.15034017875 1907.13677135157 1920.36687871231 1893.89590065331 1883.45822258827 1847.6974866363 1835.84312320657 1826.67311613592 1889.03584883054 1837.48237738474 1846.5828231841 1971.38252742363 1950.93662047 1954.82169611728 824.471002063457 749.008756114297 1471.09454851187 579.96082368357 445.850233139012 431.663507823424 258.762466178429 389.25865366795 617.010605654672 399.993812314184 766.36915093528
1065.42598859421 408.911455422716 327.764762032842 101.408958855096 83.3380278466835 72.5917766213505 91.36235048845 131.725912884142 149.946094131727 218.089098772237 295.915560113828 425.179020709123 214.128622091038 181.654527255822 771.144689340889 1716.75569487736 1789.94033889468 1591.9285364093 1485.30590244005 1524.14390331396 1806.31286542182 1923.2898664737 1964.00187962111 1943.4733569675 1863.34497699347 1757.29974315876 1723.80125270618 1705.02453347613 1825.46849631136 1885.51413367255 1858.53933983928 1690.22027542839 1670.4735709223 1987.63073788614 1958.29041240869 1605.40158006217 750.846386579709 1516.00275726327 1000.25307861836 864.529676426601 484.885399489479 477.270629079503 386.673651516929 386.135557583045 496.750768187918 698.897630449417 643.495886129772
248.583812321345 97.5653281697676 297.554188290152 85.1968280914837 84.6631801405268 60.2967244293343 58.8453694690754 79.5511371187761 86.5299483362852 94.7466698624285 443.12836481309 150.418589885488 138.928237762484 219.771931146378 263.471058810002 889.290530182447 1478.95863164869 1734.21654352526 1789.8906125627 1851.39176002706 1913.6184066331 1913.6103198657 1899.20661496128 1830.35601863567 1722.87746269437 1655.84694645748 1666.94999086301 1651.72804609942 1702.20041691201 1891.96013037868 1872.42896749953 1963.67555720423 1935.23180975808 1975.6630138115 1846.052280997 926.779333994501 656.247229737538 1076.021870394 765.704427717417 541.652088521835 616.313180153794 541.624491532309 738.669355602133 948.060207035317 540.533676489932 450.970948216194 1073.4404835457
468.240600201801 210.776249632691 116.664076510959 46.8563804555948 72.5564683564467 74.3698599368098 101.870484058867 79.6997035237059 71.3376992839227 145.362660947304 110.94161838185 73.9990922522588 83.8569558569314 116.808484782948 156.207096920109 237.488059866837 784.633921953321 1553.72188610983 1785.79826308182 1849.90946856821 1882.17982005341 1827.30616962244 1764.38991614135 1746.97964222978 1765.27062237414 1723.62222012284 1700.68699023852 1665.90966120942 1671.64391203219 1880.01717040281 1912.71990386949 1910.35695141953 1937.30718892072 1899.39297825787 1628.83447247391 1322.60894236703 1147.44481243677 867.777163256878 1083.01845325647 980.564083649838 759.58875905997 845.262050355948 1171.258301715 1243.28228063693 945.570956648818 926.51859375993 1133.82812484094
421.600326501347 417.141065865833 185.587209858039 136.781759572149 126.22123913421 141.776028251364 281.673583441332 229.966182535506 436.01093838159 370.108010685317 99.1671332218756 104.269215572835 96.3752662317951 98.1152148187749 88.1581944893247 131.403552169795 375.475439142805 809.871868281651 1749.73039807174 1820.63855330349 1839.40631923364 1789.11485463422 1769.30745506183 1747.8839945738 1759.95580614034 1844.9102775639 1825.00618527142 1767.23318682536 1807.26314763447 1883.40888667157 1900.53542640146 1574.46883209301 1807.10169153745 1872.4798465023 1665.24316324705 1382.08623554825 1387.27317079717 1059.19812289208 569.77808941953 528.596941818812 722.571436201104 794.6043954633 1308.44388583334 775.594348103954 632.608385385868 1083.48455404704 1350.85619885177
763.295918997113 227.316999250995 88.2352750728005 55.0039763616803 73.1092937200591 157.659789605413 100.509778823472 412.203358422458 677.235778511292 334.10528822068 124.621408494704 90.0182986980716 58.8082422278009 66.92522174582 72.361817572965 130.502775418106 138.70052087187 435.150510949055 978.790969549816 1078.87117920744 1758.99680629181 1810.6486160095 1762.35144203374 1772.31983763891 1780.19601556205 1875.62734618634 1956.83266222411 1964.82924177415 1902.09667407233 1880.50434225455 1899.75639280783 1664.76971206944 1613.89802963024 1885.63210061343 1884.68172962319 1673.30331678271 1189.33094840136 1023.93123516834 609.655023031934 859.943670000664 966.394412597172 1108.19130568038 1016.74258284603 819.201864977533 675.43439848379 1003.48987789116 1017.45162960348
616.123183886165 549.568897933085 183.108001589162 278.291290654261 378.922670382819 132.556712312932 128.168155016728 231.149915840462 313.685014293413 146.925417455085 82.6005546786359 101.118509209896 174.740254370112 109.059378508151 71.3573702014148 84.2768145390856 107.406094143557 173.507553938118 198.55933567002 290.787703037258 1444.86340273983 1841.34552061668 1787.40536628991 1767.92125637348 1785.23284612097 1913.77794551427 1911.40980991752 1932.18293623169 1856.00111599848 1846.86242731225 1907.13921324373 1868.52021444785 1936.71463232259 1717.12281060279 1590.73781178067 1128.58553243697 1020.29657088673 1176.5806016158 1103.80156358724 1581.76410231005 1431.31856436441 1371.58139226674 734.081783714567 546.120777226228 763.428759600486 997.865597749218 1651.55166309813
369.372629525937 329.653914315002 360.781672121338 313.461833441017 205.571246887653 212.009733479007 133.525663366857 117.347014964706 130.405074618018 105.703088011415 233.988273629775 426.306656580186 293.496508377864 225.570726296188 134.331871687088 90.8542829466589 119.714560212282 112.639964900945 97.7314038910948 145.575319213274 697.041318147963 1704.46559734944 1759.9147769948 1768.758727022 1817.62041618279 1903.4477774037 1892.4674333087 1851.11330846919 1877.01177562947 1882.52487120316 1974.15360015867 1933.85726349863 1983.9874323015 1939.86517505553 1648.67099306382 1412.17923670015 1505.07776655922 1604.78562404394 1559.77087944776 1609.71597308924 1186.07347014418 1417.94203590278 1016.35041591244 776.565159145476 1210.5377422175 1253.00289118776 1105.76072159704
348.003726945691 127.388018198417 86.3665442092599 108.17475665262 157.817471574305 139.641812197152 173.043849082087 169.138497810094 177.97915298198 333.945471288848 325.301378514783 418.870955533053 425.22047828873 361.526012711796 430.464581612349 562.902205599702 320.242509935043 238.974956845039 118.606947218871 120.412271975969 202.795633063328 311.137238566341 810.399464315339 1730.52901685451 1847.20220957295 1899.86609367622 1851.73035610586 1670.86422240864 1874.27158059016 1751.72299658636 1959.67037965023 1961.97825803082 1984.47681294083 1991.06970396925 1767.87309696884 1324.73426843042 1678.11111702247 1586.03147202152 1625.48687689374 1686.34429291327 1605.21380620288 1537.04214387867 1089.57953395589 1018.40237532566 1174.40125470276 1598.41915455634 1137.37232987565
178.217122556132 87.49254765033 133.912741532315 233.849726176694 328.790624616554 291.63889598798 230.295686612945 349.911389572918 455.500474508147 632.404083885861 472.884764248439 401.038865534812 321.355056939038 282.969442634056 510.657507555 483.617327554222 311.576009928517 349.233834906951 113.010884437752 91.5081963347862 90.088954064816 194.306005878612 419.011509687031 1706.90983285845 1812.53964413138 1835.86253635079 1608.13989757901 1171.59877765917 1575.07255847951 1940.4580321296 1984.21778288151 1967.40150407937 1958.06176545474 1838.98278884396 1883.92533950938 725.032245024864 1079.18444011309 1274.40717632009 1664.39007009857 1710.1123592529 1642.98228958228 1667.42262174645 1271.28038821347 1024.53689094799 981.185572156327 890.415138550408 560.730905418571
189.487963633304 224.032177014789 276.916829753251 185.83020829246 161.707996216239 262.180327471274 381.284098605754 393.998778422109 363.63610564619 538.788714773252 586.889821346598 370.639070775245 434.999367910997 570.734514642584 562.293923445957 223.299484439541 117.725572598879 84.1218221669727 87.5897379920166 90.5311529962755 133.045410845392 312.7291439666 434.203459928946 977.002673635855 768.810999258195 1537.20891326229 1363.46093241629 1863.11864575972 1982.85040862036 1958.85823144177 1948.65472582718 1944.32606142572 1786.91973021807 1560.92888230548 1884.58632913356 1131.38579476584 626.482657276316 518.783870021236 1110.07035083397 1370.68346048417 1055.43611767613 1216.52066970699 1673.33084120738 1596.246615658 847.819356658108 421.777762783254 534.125651218386
248.324105341653 537.475142436506 438.228049592203 561.952074142627 546.076288529504 179.261197387442 370.998497626491 588.168535243357 307.32046579867 196.307290191714 160.038607894928 95.9969143033288 109.532491559158 257.315844802717 208.195523388597 111.820406909572 119.89319911623 101.403323158251 114.398928623764 78.6616705019236 78.8004769459471 120.343704532016 784.381191094968 1424.96629541586 542.468061094482 1111.49546189223 521.482266132261 952.913267639803 1682.52030748497 1962.00237553464 1969.90358644286 1932.12799380809 1887.96336770934 1899.41649525082 1919.00718719857 1823.1275152752 566.870121237868 454.688638018955 559.664870121827 1045.13060914263 960.920057892735 1216.08080955756 1340.49905577508 1683.50985852212 492.708741126578 527.160640706317 415.671698270029
583.907265086916 299.841152927286 372.686358692503 590.701844391701 572.811658942143 259.221513407332 795.759478056902 583.063706564484 306.899663471221 338.019825200595 278.454543598141 183.365284454204 226.875275074554 331.035332754087 168.747975649287 219.036567935889 227.164713091334 271.15764529291 231.430807778665 181.298651242995 152.54949154021 183.388149027671 374.893754601974 397.854524927497 113.886151346727 368.187871082989 480.534953988241 819.203730543262 1029.79753678783 1774.20162091763 1971.26702537573 1918.48054616446 1899.45908777672 1927.83931141725 1849.66196836078 1863.90756625274 835.35210164165 491.100416492379 1007.66047385344 916.681522816121 1118.42355493771 1176.38185969737 1151.59186670254 809.478134931146 756.746009152419 711.655153323291 1462.16135356392
165.103609161674 94.7335934869165 94.3064777447981 216.811483083516 617.432878745016 591.005750461941 850.543824840087 760.268183513411 580.859498795428 602.816404924138 664.780863529636 373.460575469441 432.86867411451 407.982346298285 162.841365612703 163.693087602459 246.9064955885 240.930071563712 259.188611618733 396.714619433622 590.216466969066 358.374414973355 665.424911093038 411.170130447335 244.581561109431 224.123419526685 298.005299124723 365.409352951697 535.352717017739 1572.33011170754 1770.77233174531 1871.76198824906 1896.78468924294 1883.21541241396 1830.03800331087 1492.50546094007 935.056835888794 518.55766094317 673.862025348721 1226.19276867799 1455.80477290714 1224.33426321645 1294.74908793021 1488.17350166456 1163.42009336755 674.660785773709 838.245883349751
106.109163330968 97.1464823840543 126.99783687317 94.002708189503 109.775518701816 221.94318308627 764.021234717217 622.432101415258 486.973377219625 787.452472619735 694.147422323601 384.946125683114 255.77761365891 509.565075868921 371.723539867626 318.689712452159 242.476626640698 267.147519233245 308.456333166731 282.037652675509 618.600354720347 1164.32233695209 1715.5633733112 1765.26010088012 1333.00001256143 845.226874216 465.935506074495 272.874081156317 229.114789096761 537.019109102618 511.206255994907 1045.35187673569 1780.83872343708 1872.89243943025 1519.91939109695 497.449175839938 462.538959733706 729.291044044708 1272.88890046386 1036.63729260242 1008.66163693964 1023.9222563967 978.915300089601 960.933637817115 1058.17290505198 749.573109177611 751.71260477916
193.979968457615 173.309942554368 163.45666352957 100.284478275455 144.650723074106 114.080368546917 211.94980598978 256.808736794258 293.207078773809 433.381713922018 542.660748109534 395.84690621913 466.997787337027 624.563117675473 771.047239463241 538.486723815796 252.292180042006 305.747856801638 343.377072444258 645.61941454666 1003.27663310097 1721.43158380094 1850.64401104336 1653.31998094403 1476.71617689909 1550.78790071696 1307.2246596412 822.736123760944 1099.4819760072 742.307203357829 742.920570597929 1193.09067298045 1547.61817920593 1522.49412710317 1737.47213083984 1129.98310947856 827.869943495287 1084.05165546431 1346.09849766401 765.654678940909 991.835010997097 1312.00824220637 1233.78191060938 966.27860297904 776.600543063571 338.246760618823 790.685589447999
