IBR/IBR_outputs/Nt.MSAT.TopModel_CF/CoarseFrags.asc
NCOLS 171 
NROWS 108 
XLLCORNER 210004.651214014 
YLLCORNER 7285008.22228844 
CELLSIZE 4999.99999999998 
NODATA_value -9999 
[rows 0 to 20 of 108, columns 94 to 140 of 171]
-9999 -9999 -9999 -9999 -9999 -9999 -9999 -9999 -9999 -9999 -9999 -9999 -9999 -9999 -9999 -9999 -9999 -9999 -9999 -9999 -9999 -9999 -9999 -9999 -9999 -9999 -9999 -9999 -9999 -9999 -9999 -9999 -9999 -9999 -9999 -9999 -9999 -9999 -9999 -9999 -9999 -9999 -9999 -9999 -9999 -9999 -9999
-9999 -9999 -9999 -9999 -9999 -9999 -9999 -9999 -9999 -9999 -9999 -9999 -9999 -9999 -9999 -9999 -9999 -9999 -9999 -9999 -9999 -9999 -9999 -9999 -9999 -9999 -9999 -9999 -9999 -9999 -9999 -9999 -9999 -9999 -9999 -9999 -9999 -9999 -9999 -9999 -9999 -9999 -9999 -9999 -9999 -9999 -9999
-9999 -9999 -9999 -9999 -9999 -9999 -9999 -9999 -9999 -9999 -9999 -9999 -9999 -9999 -9999 -9999 -9999 -9999 -9999 -9999 -9999 -9999 -9999 -9999 -9999 -9999 -9999 -9999 -9999 -9999 -9999 -9999 -9999 -9999 -9999 -9999 -9999 -9999 -9999 -9999 -9999 -9999 -9999 -9999 -9999 -9999 -9999
-9999 -9999 -9999 -9999 -9999 -9999 -9999 -9999 -9999 -9999 -9999 -9999 -9999 -9999 -9999 -9999 -9999 -9999 -9999 -9999 -9999 -9999 -9999 -9999 -9999 -9999 -9999 -9999 -9999 -9999 -9999 -9999 -9999 -9999 -9999 -9999 -9999 -9999 -9999 -9999 -9999 -9999 -9999 -9999 -9999 -9999 -9999
-9999 -9999 -9999 -9999 -9999 -9999 -9999 -9999 -9999 -9999 -9999 -9999 -9999 -9999 -9999 -9999 -9999 -9999 -9999 -9999 -9999 -9999 -9999 -9999 -9999 -9999 -9999 -9999 -9999 -9999 -9999 -9999 -9999 -9999 -9999 -9999 -9999 -9999 -9999 -9999 -9999 -9999 -9999 -9999 -9999 -9999 -9999
-9999 -9999 -9999 -9999 -9999 -9999 -9999 -9999 -9999 -9999 -9999 -9999 -9999 -9999 -9999 -9999 -9999 -9999 -9999 -9999 -9999 -9999 -9999 -9999 -9999 -9999 -9999 -9999 -9999 -9999 -9999 -9999 -9999 -9999 -9999 -9999 -9999 -9999 -9999 -9999 -9999 -9999 -9999 -9999 -9999 -9999 -9999
-9999 -9999 -9999 -9999 -9999 -9999 -9999 2102.53561481495 2081.29805936791 2105.01186427723 2084.14167242552 -9999 -9999 -9999 -9999 -9999 -9999 -9999 -9999 -9999 -9999 -9999 -9999 -9999 2069.49495208999 2066.98700317026 2064.9041617328 1925.70145048969 1993.80567976901 1791.33234793757 1464.91157901315 1570.87789263812 1779.48620486827 1143.84597372721 582.160481784756 696.373556404465 1416.59088175122 1502.94005654223 1472.42695844593 1061.39306894058 940.112249962755 1043.63454402613 925.922208440418 1664.35721345355 1824.07975053294 1766.24797406187 1208.66885838737
-9999 -9999 -9999 -9999 -9999 -9999 -9999 2098.43997423152 2062.42259512055 2094.30032595983 2087.3661011136 2059.11582194133 2049.47082467962 2093.58940728135 2076.08732723126 2054.35362380349 -9999 -9999 -9999 -9999 2068.3571239426 1617.6445353062 1243.10142797692 1620.65911498909 1548.74798006864 1393.56862064557 934.187120081355 860.637610859635 1531.80150083021 1690.3162686223 638.777980300475 690.498732847359 644.809432924251 696.313379982656 925.341060057062 840.303178740704 865.025722062297 1542.94758993646 1473.36239024664 1606.99112256724 1066.84402434551 1048.22283548691 854.114174137547 1075.35520929558 1442.17617210125 1735.67762238066 1442.75863678071
-9999 -9999 -9999 -9999 -9999 2106.10882404283 2088.67465793834 2016.89661321923 1875.8178229807 1916.83901830224 1805.09689665563 1935.18051002314 1996.06204174231 1983.22134380882 2044.62864117418 2089.12803284365 2039.6745897846 -9999 -9999 2090.04604353936 2109.61783606783 1909.46367409097 1304.90002892802 972.196548548414 732.244070656815 758.165299746998 930.275377545559 1696.99014964904 1173.53207877306 1560.66475966102 1019.666153611 994.482739622587 790.35127903732 755.435826516388 702.136444748332 588.936834180786 802.531694875296 874.3707879934 1229.59492198729 1491.84848301829 1572.20917105156 1418.68686387511 1132.80697920879 884.710859688703 903.359154007533 924.581488358668 751.006342755683
-9999 -9999 -9999 -9999 -9999 2091.7304047561 1897.62680187616 1910.98698119618 1813.01952227634 1847.37735103655 1866.05663519403 1869.9863199339 1785.9613746763 1767.24703440607 1797.82808403261 1585.84151171865 1284.57185178465 1867.26544045642 1980.8405262393 1994.70108608547 1920.34218200337 1881.6942025142 1396.16551125083 1695.96759213247 1304.3328914752 1398.74784300584 1678.81435995939 1207.84818358993 732.995178363048 1043.55701491281 1482.16048341409 1008.12617189322 1205.78678018494 581.861993793336 563.228169339077 474.947488723212 836.134457766936 850.308534674554 1067.2293006946 1110.32809701258 1678.236735553 1488.11393459205 1625.55146529341 1109.95612884905 924.120871243396 560.585510907913 497.602705474069
-9999 -9999 -9999 -9999 2075.64298502703 1818.71568516746 1873.47767975074 1868.11638685045 1887.10744276913 1755.33431449025 1772.64618687154 1889.70147098808 1828.62512913551 1712.52833828768 1381.81493734665 1142.87349419033 1660.62402993615 1814.46229023254 1683.84412073482 1298.5382962014 1825.9108899967 1815.48756059818 1867.93184679443 945.872797806335 1485.76460735969 1404.50968888352 1433.92174323947 883.167482204037 713.704616527224 941.851744687896 1473.67397641664 1176.62815085146 670.153732933539 852.757594220056 575.290765594499 537.08538232348 938.791235099626 1077.41834335355 813.94994919624 1210.26367692835 1179.75336541139 988.76405814423 1428.73140746577 1624.34409410103 1674.35778463958 1653.88924513057 1429.44435552779
-9999 -9999 -9999 1754.44425630597 1750.46406420118 1795.15980726493 1873.80039003418 1842.11913747109 1832.38690290124 1496.79769473576 1806.24714060557 1908.27724798322 1865.64306987458 1293.73254639589 723.702607695159 889.208922033621 1505.29834469752 1422.40273201456 1412.48045893918 1421.74451267934 1484.37283124231 1575.28628776598 1475.20740423728 999.60080397239 1285.55193115342 1206.61202556833 1324.21740206715 768.352947801289 558.880975823946 847.060601540854 1521.43206933664 1647.86127339836 1100.10874086802 661.825247320396 721.513233375941 640.354949517578 1007.24945851423 1610.19069192285 987.713778491822 842.522491610148 1100.86426081798 1116.70125295374 717.24859585198 748.455131537962 600.654140402284 1039.06858138619 1273.08141679039
-9999 -9999 1919.97736869526 1669.82039391836 1785.4225816903 1858.49736163618 1819.15865941763 1831.6898765778 1550.85994409117 1414.02658706936 1766.87023512947 1928.19563597324 1895.10508081172 1693.55954079331 1081.52937893431 681.660713300942 990.004214064736 960.329584649201 1130.58894222284 1394.8915805084 1232.01530484125 1360.92709978137 1300.05171609125 670.395454642247 808.148002208027 749.477925277046 858.534546778148 1355.65039453823 763.581629046428 901.124679295555 938.526330712185 1444.04288848074 1522.50512068268 1455.64245123549 1569.05056457442 766.453857873113 557.735508347139 1244.24700141267 1414.53281150573 855.710542908806 903.902764160797 1142.6316989196 975.811708735851 500.294902516136 497.876925009459 839.229445985689 525.014320753033
767.968472941214 1883.18251992488 1914.8637753213 1558.30717258216 1777.43168712397 1600.01158087834 1730.84451711642 1216.71577804875 233.111790422723 493.116745644703 1581.86060861519 1931.82884231565 1932.22390774984 1866.81798469794 1546.11030750653 1079.8605837366 625.889944293789 697.91129864153 667.611487222173 1001.08262028253 787.292303912427 1126.6156330183 1182.4058013556 1082.18414122877 701.681061525563 551.130434202562 652.409155882431 1011.85903599446 482.209730337668 821.839063513885 770.494404027945 1482.37154200026 579.121534473552 525.030258808416 866.041486345501 743.431518354536 588.951244771935 719.319655601641 1309.02744260639 605.719259674103 924.768567707121 1445.57473654088 1453.93566702788 526.49964405595 445.090217943473 743.087525274539 475.442978580332
1538.49482715105 1718.68177233187 1695.46689828926 1647.63440488593 1635.00698467068 1471.95571471083 1439.31829390427 1561.32018649261 551.824113388616 255.557052179011 1488.92104798229 1501.71363760844 1682.12205165357 1741.60443305823 1327.72704538378 958.505375375258 824.44877833848 686.365536581936 1038.55695195931 1015.14206470088 933.697649964443 889.524273188621 1288.21065469931 772.889820353089 610.957529170021 742.509632581697 527.609656677591 843.155018073955 425.71200348951 462.121400736444 953.582253698239 1201.30280105706 517.162046764674 683.108220374567 821.038078750372 571.2077706482 993.689100798466 510.968684048941 719.847520672489 579.340060900804 641.103320684515 815.864935760687 1531.66602651726 934.865472504855 426.998875592324 713.414135552362 366.960590589835
1731.98546156456 1698.65753304437 1703.67635372529 1440.89153203378 1635.85108786881 1088.63373352656 1248.38498517406 1251.43351562024 1062.55905551804 1345.34058132841 1607.59512251097 1571.91185927992 1340.75678343228 1426.31694290032 304.163979844586 933.196705135274 615.704184123259 803.507918211867 1273.74088252325 945.857303694346 925.786524246244 891.280222605192 1071.67657559013 1294.7136284275 804.177837070935 396.649663785649 402.352789727442 477.792553536655 389.638443009638 848.914554505588 845.044602691286 447.637749384048 516.481631031536 1098.03211455761 654.786854583673 679.83831841858 608.828134315225 485.697923005653 578.896461564233 963.371904411131 1021.22365923728 586.067301882438 1001.19602675928 727.806973240453 645.691193415061 1050.75530838383 761.408241816913
1722.10792898525 1640.96880846185 1205.92355847907 901.208388541512 811.812969418195 1611.4791912614 1761.79258034921 1677.29239673149 1683.21807327401 1688.33534607398 1737.69412266561 1642.08182763018 1656.93693461864 1614.43945237885 1065.27289597948 1538.15080219366 1835.93765292012 1379.6669893642 1091.44127971705 484.685534761664 713.79808063915 823.727347341979 867.234444618015 876.374831205691 704.503680105864 571.536646161177 570.663932328456 330.658880218332 347.790216390949 942.742517278184 455.514987519089 449.883297778436 449.397330006573 538.188738745987 436.822860989776 464.951525714562 438.502691264422 444.549940581822 451.382975308877 1194.87227309862 541.397126582324 573.489064096731 416.167651367782 530.906384534806 481.634043158821 799.929403290769 848.360741923826
1453.12658058455 1187.57773607363 806.187323811485 710.894862964272 708.66438000891 1516.15337431518 1724.91659421576 1637.39430243856 1669.34435086316 1603.44984875539 1736.37629581715 1623.86969665303 1631.105438749 1621.94220906929 1656.00262196786 1724.71532857083 1534.24877895214 1856.8784806185 1417.83573841181 1192.47381671617 1234.41053747531 1154.03249560595 1160.60697463077 847.071526145426 648.322688228992 631.875451447074 565.63397522953 330.686079826616 344.506845444744 582.094235903966 412.829983506454 430.697984389832 499.596020683623 373.806698949068 369.399567357787 492.999827335431 499.650955145038 488.37021471075 955.200296119946 601.955223367799 669.158404205343 417.457751226179 460.620122939029 460.741645412287 549.318133837504 799.053233744993 995.449496272199
1122.09524107695 1100.70470982602 640.643029207367 1196.30867044208 1220.14893809188 1462.05578390575 1369.73241012189 1620.82620702751 1481.98281100547 1698.38934993724 1752.67175681933 1658.55972804021 1580.99172654662 1508.99788714197 1696.99169213899 1636.14926689712 1683.42332605971 1437.42285094482 1731.20966564517 1584.27375148993 1537.34850893328 1528.42138783276 1288.11930110375 1271.25628562848 705.364091799255 902.555039537417 1268.60752987974 647.653743748132 284.698703379842 378.493810689159 503.568284253638 701.318024450162 564.667555249141 708.42878997402 623.865814258503 455.505522480538 459.051774958432 725.001234153138 856.800706050252 622.697949877284 385.927267256588 704.912755602835 686.83115542854 546.740834505195 1167.67900725999 1174.06390189689 1182.47421048565
1240.25360852662 734.542213394892 620.413735503699 1123.41072015781 1155.57407481632 1088.69931651655 783.083850482621 1527.53160684112 1607.22151369904 1706.12535052978 1763.04282394582 1731.93557167316 1598.35505089214 1315.00712463859 1548.43021745809 1727.66674606214 1737.62296764808 1674.04951369235 1393.38863311366 1401.73881350955 1139.76798199271 1511.08910339587 1705.73133224046 1629.72307447104 1494.4980467019 1701.1162240092 1384.70973365106 1345.81351669224 1166.49987383507 359.723720939057 311.519374357041 378.42819263609 554.168376525937 261.602476424471 352.531984956189 469.992682207063 853.991969482163 906.538749018606 735.633028628412 411.200860281877 383.805765983157 580.656658348699 877.307740928709 873.365118097371 1095.77640054337 1542.41949045023 1620.03527307081
1055.478206502 552.209214244221 586.145780423005 893.416267664607 700.713273454156 730.633490391469 1105.97904780843 1459.77490525336 1614.13892114266 1697.21311110235 1727.64009198345 1731.59757192772 1625.90728371132 1587.48347727248 1645.94918166045 1775.11199164932 1742.26755137886 1736.32617739809 1668.21203398662 1710.91628865413 1710.30372628896 1392.57168125201 1515.44497288142 1560.23274513647 1666.06482141362 1518.66805139635 1407.95634871466 1790.3645506237 1512.58045791042 1317.61074119611 394.630311141227 509.388503620948 469.684553364413 374.260957134492 501.30675533315 1328.23699101153 1001.73540349996 1114.45623940371 1015.77948737283 875.464415593757 1126.32098820528 1214.65165801196 1689.09214728692 1706.87614756978 1536.29637002429 1617.75831803051 1621.09993145991
