IBR/IBR_outputs/Nt.MSAT.TopModel_CF/CoarseFrags.asc
NCOLS 171 
NROWS 108 
XLLCORNER 210004.651214014 
YLLCORNER 7285008.22228844 
CELLSIZE 4999.99999999998 
NODATA_value -9999 
[rows 63 to 83 of 108, columns 0 to 46 of 171]
-9999 1548.53133531104 1556.43858298269 2116.09414638203 2108.35751587802 2061.20709163331 2022.74160430091 1990.20769583963 1972.29106452386 1956.53533398725 1922.83639931306 1910.20125258425 1912.10245590629 1895.81138155514 1935.51568067433 1998.89679083336 2026.1913739964 2029.34261620897 2013.29531741214 2021.51579019259 1987.35265282477 1784.04994256969 1506.01653631741 838.135852878035 1333.76736421588 1541.77934831283 1589.18603069236 1337.36668948983 1428.01942009577 840.55150319398 202.185103587081 384.693966336469 328.552156815484 847.588856468022 690.608949400647 774.808957666974 1006.09053508158 1079.52050129924 336.355973663956 309.57216280682 175.335221081316 95.8246653988493 241.321043413923 594.008396115988 402.36930680068 159.830692149151 73.4422296734016
-9999 1243.29613678558 1488.550026221 2064.46098491124 2046.51960131973 2036.69614756802 1964.8191354097 1956.37952245764 1881.80857774641 1896.32474356931 1880.49360750279 1840.32407003597 1859.99473501406 1877.98999813942 1871.17654784758 1924.71121351762 1606.06538998057 1789.13970844542 1902.40717228248 1869.66011463545 1114.58790388584 1407.2922174182 1652.11446857333 1529.82622051563 1542.67703302268 1370.102629089 512.661537470401 579.004589999406 1138.7408237605 965.103096067718 345.457459338883 543.672420126873 1155.4487358479 1357.7505239587 1178.68678676398 789.384697036585 1187.58843984511 1321.08562436183 519.768607668762 265.940872068735 158.433411862545 190.914519422655 231.869825084992 107.690280104327 237.252004365702 122.535348358737 76.9212691580985
-9999 1182.75554965895 1542.31870603346 1890.30628858169 1952.31402704281 1991.38846617884 1950.73400083978 1912.50941407833 1824.15139356477 1807.76471355028 1730.73082883404 1687.51904727952 1762.91152723948 1859.54340491198 1781.56927582162 1816.1468664997 1583.00032655212 1763.14848018396 1067.73403162332 1146.71665555416 793.285766658419 399.225457244515 1064.03595067967 1150.74808475483 838.011471576721 549.013183990547 461.755689033625 359.862876627126 622.327728901536 1030.80933007381 652.232932582506 409.416897220554 995.663238189696 1175.76990910754 634.191743598902 385.86740461981 503.212317267994 1135.93032129672 915.246506226644 294.011174846917 171.594361428568 291.832483112389 233.036534691597 100.193365386695 323.981095379799 204.775538957754 183.601680562514
-9999 1299.00404580754 1677.37719374732 1956.76595475371 1975.27985673744 1975.15625125183 1930.4042497251 1859.50847894504 1806.26903822282 1748.30023757483 1514.97801790848 1469.95253398836 1693.9358316802 1779.32143657744 1774.5042324416 1749.73073296373 1782.4217866282 1610.30113887821 801.247289063544 1124.81172620615 1054.53482639145 496.019167270541 810.650693815843 617.298075772617 685.089629613663 1162.51979543601 582.939820438462 132.920979131225 385.577500469478 716.747017778568 1024.80238561646 787.427804849894 545.419014708994 1043.98987620669 491.393936472024 241.416498580079 476.368216750019 690.698288044472 730.523875222839 329.764729583995 275.153107762709 180.947355257821 716.934755165306 485.86251529481 520.837134990736 272.791004082594 341.149994196514
-9999 1406.23250598593 1712.61616727449 1860.17819996461 1931.24628210263 1947.94673789356 1834.95671376185 1804.06415041603 1737.85986808086 1600.12511043308 1299.12264345881 1523.12530897059 1679.31264983156 1696.33751608535 1743.56210612773 1796.32216320961 1811.48086414797 1456.11756216219 984.992911709208 900.703647716551 666.424197212252 867.993556353086 481.806742394553 557.080061060925 1159.34740814278 1148.42544471685 677.780221724225 310.465222717709 442.028799467623 547.654990456409 1150.60047102086 711.700404403732 371.604677168789 263.340223390136 295.63321874405 338.759470420051 694.648510443702 910.526091972153 321.451874300185 476.945796342559 397.244635941867 445.373532490997 513.264491712187 289.346103013887 440.758460988912 535.946289087037 370.050638931587
-9999 1486.91801709158 1426.71096061403 1652.0329559896 1843.51602106609 1905.13786478641 1827.87712139064 1787.91338051892 1558.44731784963 1351.32649373115 1310.52510192771 1689.22833051075 1737.72983730499 1741.99513855113 1768.68940880889 1796.7925736159 1818.93435989962 1463.86338221608 1076.08031166426 571.622573016069 666.160551886684 444.051780167881 416.74709396156 254.144171483325 793.194968093338 908.412477262752 615.785655011617 329.143947203213 202.766984916626 694.508464779461 856.788862922959 767.330593207313 287.092719070477 377.657126320016 454.774546599406 328.17687393172 267.044381857096 390.777656161414 132.184561405992 642.018402069508 719.465667213315 756.532775747955 778.874011334274 595.930562732797 345.175882188085 188.30014911738 278.913500647621
-9999 1366.05313897508 1283.72579435388 1580.33022917456 1847.90266955363 1854.20999090896 1874.93273963504 1769.35054570252 1334.63370652412 1293.56029598408 1696.70341548151 1741.71069223082 1760.40920034578 1750.66657342598 1830.77724355169 1843.85476548089 1752.44938712684 1731.93533022475 1259.92262440545 846.607117045334 364.53360947013 306.405445342261 382.048919579559 851.713659357482 466.520828009947 1218.70156038739 599.897221826896 791.648510894825 193.023733685734 470.017760377986 535.955060794101 665.379189281068 299.32677749433 499.156108093804 465.079121088001 314.011572341208 357.108441019961 262.047369562868 200.759871394611 270.531080463239 515.743990172404 752.200082554551 1049.69966298831 1102.77411174226 569.824024556337 241.854549778059 182.288275335841
-9999 1384.25363728102 1288.98394722908 1713.67454104247 1864.32938300674 1886.34234097923 1678.94954730051 1438.22626008731 1405.62819975643 1705.04055641983 1670.4304268927 1602.75910416522 1786.10219064566 1805.74277622297 1827.64463339916 1771.04051506166 1476.93604463391 1310.56727928983 770.223350083417 904.804496750746 429.366134168356 316.498228403684 375.324790341936 539.257514810983 278.910593845043 205.589341461357 651.776922463457 754.512552589188 322.011465785846 532.714774520251 453.676027795574 713.957255024762 496.798095422097 385.216293540271 652.515438865523 750.700970148854 588.023401594704 319.221236076305 179.789711584137 250.309600227371 538.875332127226 478.219293083145 866.719684822288 1256.67419466146 1066.09874294104 545.985199882855 174.982601334262
-9999 -9999 1394.79118817845 1380.2784546995 1814.6287687082 1735.92515338055 1437.90766167353 1567.48773747464 1681.92229126541 1674.48061372413 1633.50481533219 1648.87586383603 1756.3319283416 1838.61016019124 1836.12900906244 1739.41633938772 1217.39639558617 1245.85030755078 980.975352726319 681.893355666557 462.802836630498 560.955047543708 415.340256265281 392.160151972421 394.005075184437 269.770632520945 266.351992116623 676.002261643069 671.47491605465 907.395813454939 676.179255702856 510.505443648742 717.163599175212 865.625625420311 559.596922234768 800.151485345301 523.889886905301 296.48969528347 282.963937107043 200.871562313599 269.560366100162 599.113876143388 512.777459419543 1078.14723469531 1350.46810865147 1048.62702949937 803.402807794488
-9999 -9999 1595.06421638424 1425.94363497411 1628.2566775408 1626.64739461649 1747.82349532609 1684.82259663734 1660.1005592617 1744.1620971215 1786.32612150834 1712.58044331446 1747.78553592414 1778.30766478981 1850.69767089265 1852.24678033523 1268.64124487629 1462.66074790607 1063.02258286205 934.048321782797 881.497555973425 645.518854369402 399.195825547984 750.848326435117 624.421103345291 926.71034779512 205.051921722023 180.849392596751 365.762181241426 512.940514587255 529.819583597232 571.741346732364 912.810823943898 895.901623224411 367.473472069056 437.669299365428 656.21663780958 740.997418991234 694.45053284401 306.420736408922 254.26493510513 330.599210917253 532.52822015834 901.122177400679 1415.93135823631 1431.42147432152 888.021599099848
-9999 -9999 1750.32513047379 1731.21446272803 1655.29936207304 1698.28985167649 1789.50249596082 1770.32422704258 1787.33607581203 1821.13460057272 1799.34883441305 1782.36735208465 1752.44871645669 1752.90049280921 1752.48837782641 1846.53254930608 1626.61734283322 1249.51995766647 1310.4238520288 1306.84464646906 886.254265201341 638.254977116698 312.391041651014 315.797480462899 128.615100644683 467.966058793417 303.212944379839 244.589377978238 491.966281130887 340.581584702275 279.050067468333 218.441251795466 361.356178982629 911.246993815582 577.459987094907 364.205857638111 420.467393521841 1007.01476147673 1342.90839583005 554.524985297719 549.245227556843 790.166280233659 1011.99367207553 1277.97336058648 1119.59675290082 541.239933314054 481.404613251354
-9999 -9999 -9999 1765.49980789189 1785.5913945437 1812.19567234132 1827.25075414095 1810.5510966015 1774.99635518482 1842.86077863284 1684.38090237728 1786.33932200043 1811.22921753597 1753.77780389206 1713.17387189506 1794.10094667045 1776.36366215609 1404.47210033025 1322.83294668793 1367.73828948436 1369.76174074853 1045.05555444911 553.141242093363 172.471640975012 191.39844379763 329.940433630198 165.1786685584 243.713343766323 290.623964014476 324.478255343946 279.369009236082 213.794005308263 260.079643090684 609.636972067214 779.898177287902 417.793508815821 348.504849297256 525.482653316436 1219.69533277974 980.295233417315 573.599655231077 506.356848939601 624.960189835806 1197.17254012977 1300.12891337632 1246.72994764558 681.502023965127
-9999 -9999 -9999 1645.77956294298 1799.15948719323 1639.31031069016 1803.58517659653 1803.03353384191 1838.63722131342 1829.85310670673 1693.58118759288 1735.58259127433 1802.80728304045 1769.04939097978 1691.11649998073 1784.96134298492 1553.20425355638 1693.8051021027 1594.97950592019 1699.57563576646 1473.23396643672 1159.30401507694 375.944373556719 516.410164073752 458.529042934009 158.895918770446 141.652927806905 156.383259118542 207.348052653194 448.61112449459 354.066234982784 366.615570035905 301.933825819992 565.315670394702 713.886903642758 412.942047855901 367.608350684349 526.477468760972 834.651600772527 1018.74517511828 1016.39591603313 469.312574205437 382.601679992083 422.155001870042 1152.73546752879 1073.51425681839 698.792623795848
-9999 -9999 -9999 1643.20587526758 1771.9118962524 1797.11672514134 1594.55919068764 1574.77562876356 1901.50492214185 1725.36713827526 1625.57509294491 1448.44878911578 1738.7661363514 1741.1756011479 1687.11615919425 1603.35093751886 1456.6068960183 1667.50027448932 1710.60169666182 1533.25631561072 1550.00039059352 1423.34753410859 1288.82047378829 996.912553968706 498.818852236406 190.768828893728 219.472030042512 251.66996766453 334.049612856762 403.720315963869 385.064305992871 312.272797125166 463.466022795116 353.511126412874 618.227282387112 440.383673820458 349.174980591806 499.59840491398 559.873461469266 1111.59788615085 1350.0699569241 880.480468971544 591.419619223956 522.565667476919 1192.56385710014 801.08037790198 429.677731261167
-9999 -9999 -9999 -9999 1849.48407120352 1793.66702288592 1683.16652035617 1585.11731607917 1676.43898916349 1618.04630900316 1543.52448316876 1604.15450635431 1758.45248742225 1735.71659760123 1687.64939523864 1557.67615252095 1707.02394969175 1668.23513122814 1774.11376029538 1588.4318819205 1653.75939329063 1596.58663596676 1226.65516070552 685.317152602727 495.849043758311 263.561084599988 379.194128752397 495.713787181243 626.611901136079 517.388847261817 512.207216009889 362.292144937059 632.331308412824 349.256401009149 490.406120621384 476.969894594327 351.725059818259 353.843401355753 422.621867029707 687.526376173543 1076.26350915056 457.814057504303 416.606209651709 466.118194369577 735.272851734448 1062.81228183962 846.086134139806
-9999 -9999 -9999 -9999 1790.06090376574 1737.69064203499 1833.03568706866 1783.94046380724 1749.43644484808 1811.32570205191 1497.9453347847 1655.55317819475 1489.62673261159 1668.03925180715 1678.49322775446 1686.79527674802 1604.21934282977 1531.34558708335 1631.65117154657 1351.28423387265 1606.81186052775 1520.89491423805 910.258132719529 1012.74663898434 816.394969291654 577.197169131261 407.158180806517 183.132069090098 663.503521325827 593.967158129446 500.244982710867 453.652107910352 524.295852189633 515.295539791428 262.955773962601 309.047109293905 331.304525537198 312.922836479158 377.578562714214 449.626276381606 914.194345824099 627.078233480513 375.702281728539 355.68049096628 379.561839536871 724.477486864483 816.817673997146
-9999 -9999 -9999 -9999 -9999 1785.41003742608 1758.72391032795 1762.77319212119 1822.06886201757 1854.67094476895 1793.2725171582 1680.66477739615 1375.71868769561 1448.40862364525 1747.43587403428 1732.15786725694 1525.41456784246 1716.88537911648 1486.63155945484 1160.54261124954 1440.04081855555 1192.97023778021 1059.72594375129 1389.8575231367 1010.53752375668 1086.21774148952 754.339948106038 606.542308682624 510.813757855797 647.986236985364 595.009556749888 471.656303642716 469.883743969378 685.453327552584 227.967449722952 250.361797228277 316.39709460996 286.185365022417 348.60725810967 306.159681249574 452.463987964137 862.601570534393 434.874652100582 511.807846573316 362.328133365641 401.237062466462 409.02570086843
-9999 -9999 -9999 -9999 -9999 -9999 1723.15439324611 1635.96686838227 1697.9748855921 1744.89301564443 1721.93340059231 1737.51979576218 1718.17053836713 1692.20440287349 1785.71939165006 1766.52063725317 1688.45635470826 1666.12986208322 1589.56189835556 1110.87721176647 1048.03605987082 1269.55653551615 1475.47108865667 1549.77128754399 1118.01192841113 1291.72231462066 1350.74947724422 1482.8337334692 732.01080541214 444.591520730912 363.113797212897 681.908913899979 673.34172790779 856.114210643825 439.987881941317 261.324645844386 257.199886441084 280.630900906315 310.369301150663 289.201634969473 323.032838673232 776.874551209171 1202.74861863391 877.504447082192 564.930867906546 437.01122679361 373.512929086929
-9999 -9999 -9999 -9999 -9999 -9999 -9999 1702.8926859649 1687.69238388725 1551.49877767636 1333.50310803499 1577.28485093032 1662.10783766387 1221.73237158267 1399.97423951953 1798.46188990358 1752.90918296091 1670.37232736482 1539.15771230861 1366.04590916683 714.646895266247 822.776894924336 1459.14395325484 1403.2545163247 803.783749059578 1427.66381846625 1675.1835080762 1432.74904479466 1132.41308705037 496.69736209426 593.4990744695 595.48701955271 530.191230014077 691.141559290774 565.740893985202 278.984860268017 277.154421520341 293.754070184617 350.263361523742 314.499603237386 305.255220033012 375.242866883175 604.630276780958 906.145544130927 956.961693345032 732.001217765855 710.328944740967
-9999 -9999 -9999 -9999 -9999 -9999 -9999 -9999 1829.84266819722 795.200726983826 1301.17846072526 1610.76382532848 1676.31618534081 1457.31229788623 1157.44895009942 1362.26253017255 1649.9691605201 1716.09931289919 1634.92164313282 1528.11020597326 830.370211104937 499.324646079975 493.586388695571 798.670516458991 510.214542156106 1056.14107562566 1319.52026078581 954.513355673437 1102.50356008779 1018.21783362693 797.204335590149 445.329952355437 685.761022745421 606.209856847547 409.70537348524 310.623544238037 335.281435705891 292.604697506981 387.48986814617 440.761908385218 314.112244470293 358.677441372761 357.284649477395 404.580620073103 534.674563391525 456.697962140356 521.436714392837
-9999 -9999 -9999 -9999 -9999 -9999 -9999 -9999 -9999 621.937439157385 1276.76862973496 1398.183478037 1699.98083578637 1688.08381221307 1436.0775212213 1512.74350432883 1471.55240237105 1713.85131968458 1709.22076700755 1653.36240306417 1619.48043817887 834.166070175763 354.730574564476 339.979960616064 823.347912886848 766.842427218521 1123.44907051194 1066.77743731089 1158.04357407971 843.206326639067 580.6657914694 463.425308303525 447.931396871007 613.503981313386 302.456540461748 251.003108099326 462.480282202426 462.911507483446 316.898284318094 544.117664504399 378.856038472428 331.814645199219 326.317709662061 338.028209028081 276.635074005521 276.325479410115 389.610779035416
