IBR/IBR_outputs/Nt.MSAT.TopModel_CF/CoarseFrags.asc
NCOLS 171 
NROWS 108 
XLLCORNER 210004.651214014 
YLLCORNER 7285008.22228844 
CELLSIZE 4999.99999999998 
NODATA_value -9999 
[rows 42 to 62 of 108, columns 0 to 46 of 171]
-9999 -9999 -9999 -9999 -9999 -9999 -9999 -9999 -9999 -9999 -9999 -9999 -9999 -9999 -9999 -9999 -9999 -9999 -9999 -9999 -9999 2097.50600873136 2028.00273168073 1872.85036021304 1801.00798002096 2050.46147884194 2064.48196652702 1931.85507509637 1791.11126632017 1794.44163643382 1808.30716727389 1736.70250393437 1717.10486370316 1451.45710868232 1348.90293408446 1087.02453144 381.473413568768 360.048883277365 278.626765843715 510.071932038171 330.544820298916 380.730853171189 352.762405210467 437.252074022431 369.060564866465 508.763423237501 615.722354835392
-9999 -9999 -9999 -9999 -9999 -9999 -9999 -9999 -9999 -9999 -9999 -9999 -9999 -9999 -9999 -9999 -9999 -9999 2021.59205177879 2016.22783005015 2081.01091503677 2097.13092384588 2037.89258107374 1819.90140557603 1651.05037457804 1855.08469196475 1840.51394263997 1819.52847330835 1781.28316333125 1717.8035920819 1595.51497109037 1743.22967311929 1675.25841487485 895.245300874079 553.540571180562 990.255059305931 559.793914066708 511.059893436374 563.892616974375 387.234481646715 324.805957183538 344.993111168047 310.465660416921 331.449499477498 402.881191809992 503.960652296402 616.145730244436
-9999 -9999 -9999 -9999 -9999 -9999 -9999 -9999 -9999 -9999 -9999 -9999 -9999 -9999 -9999 2110.69878089561 2073.19235233202 2085.20124157515 2036.07608553851 2080.55775400858 2087.69439246965 2070.32419629134 1905.7104788129 1667.96251330589 1684.93501836554 1800.9831413711 1548.91916051661 1444.47220164046 1322.46719500887 1495.28157250001 907.274385483051 1192.07089796917 1658.02720874946 710.443162348105 407.014779845435 739.772675116081 719.254336563009 817.730898071828 402.419698833839 378.917806520065 551.060620274048 474.017192358338 354.756927472854 353.464296621399 491.242538378428 511.970127383608 510.190675445396
-9999 -9999 -9999 -9999 -9999 -9999 -9999 -9999 -9999 -9999 -9999 -9999 -9999 2041.21526442201 2063.89732000723 2091.02061589887 2071.5864765445 2097.52605928264 2071.275361376 2064.74385958177 2071.82901045219 2014.24213766441 1817.32819668247 1792.21526068242 1746.83702218627 1782.08394425106 1565.91096707727 1457.25704600742 1177.85064160072 880.687400435981 942.301117233665 677.962430088856 756.97609003214 518.551999191002 403.449034540034 305.090252455312 616.004401533538 993.889697493962 389.023426772043 354.303210170151 302.461364514924 264.386468283271 242.953195820369 728.012109653852 509.372576350374 364.367452317998 402.214212424985
-9999 -9999 -9999 -9999 -9999 -9999 -9999 -9999 -9999 -9999 -9999 -9999 2028.90322801233 2068.21225802335 2053.19808130229 2032.72933280385 2047.44341812512 2061.85297986698 2030.32583489164 2035.29438386747 2026.17242826734 1882.11863599515 1855.11080884544 1772.90940908249 1716.70524938647 1662.11620269727 1675.29468099398 1437.85911255415 1143.46064642605 922.957274485741 796.734041303912 809.325633664555 612.654305744455 486.049175905715 887.813316886924 506.088577637664 383.543087300215 624.769732732334 871.178372628884 693.473067876644 311.430010354383 192.932365894433 351.872350959431 338.680806016625 428.53976715078 577.89114458536 486.87153177339
-9999 -9999 -9999 -9999 -9999 -9999 -9999 -9999 -9999 -9999 2072.36938083737 2091.54858457989 2060.68725773285 2064.26229852762 2028.06145474618 2005.019211218 2006.3265803393 2012.18587062202 1967.14177157617 1764.0254084682 1578.37743425238 1763.87403202675 1866.25190593317 1872.97174353924 1816.24640395599 1699.65259400303 1459.75691526485 1345.60606191974 1159.37066735542 875.112559568155 766.913576453934 861.245217330879 435.356090455547 348.735717869917 523.904231357861 512.112294821259 685.80852704682 958.015955523957 1116.63822800715 727.818113592931 449.394468616512 173.683516599001 268.835887570136 741.358337749147 859.714196921603 733.792202517758 546.393914129925
-9999 -9999 -9999 -9999 -9999 -9999 -9999 -9999 -9999 2078.91200593048 2095.9287515855 2086.63234713147 2071.61293102522 2041.48303868999 2009.92731478586 2003.23279517204 2003.55240797749 2010.85836473468 1995.62896062862 1916.60772866878 1850.31934953753 1822.62807121368 1868.2020214644 1867.10887597254 1865.41948953828 1765.23105201827 1257.89960613142 1164.04152344661 1307.96134250009 886.587479939311 623.218047903883 371.147787637472 224.29522390517 310.233358857226 428.120806212085 355.025677754046 434.569003107817 813.960758759022 1214.2984181254 508.877345464833 384.956511653302 135.704737603341 232.555402055603 217.832482818713 679.280834725505 1086.26812123785 837.276570446027
-9999 -9999 -9999 -9999 -9999 -9999 -9999 -9999 -9999 2083.69039871771 2101.68535431575 2068.46336691482 2054.16617988002 2023.62393101541 1997.79283584738 1999.41918410448 2018.56755947148 2017.23598455661 2005.49944601302 1975.74443812597 1960.31270551112 1837.32213477247 1867.32725507378 1865.56470800554 1876.28770456189 1818.021827574 1654.79606795777 976.73023828517 1098.91048840807 901.891432824435 540.368226570603 481.26695015123 443.109831863803 462.095941627561 597.658987107941 447.125590523364 576.554729629672 833.474664551259 1030.70894745318 468.86188537393 387.116832039591 208.069444563703 500.629626487771 256.832110194254 275.318577559031 500.322965868792 287.993804618629
-9999 -9999 -9999 -9999 -9999 -9999 -9999 -9999 2106.510704439 2107.00220865591 2094.27201030302 2055.19111812443 2026.49121022663 2011.34915740009 2014.64434381555 2032.19771731175 2033.01137239555 2013.44458172291 2015.75987640235 1993.99637961642 1964.5494079578 1929.5725169029 1867.82408896041 1872.40047964875 1858.11336059581 1682.40540138182 1682.19495374019 1236.07937863277 596.561689565758 704.545920427541 499.486258368656 912.3433613685 920.370750112708 525.734002613016 602.505211870987 865.124887085823 586.646917396159 727.630396339889 695.715728977497 367.770767037489 223.139896873663 124.376246576442 257.13325452632 278.589550466989 331.970154150254 356.544810556988 308.180090879652
-9999 -9999 -9999 -9999 -9999 -9999 -9999 -9999 2107.43728619274 2101.59215047902 2077.3792373652 2064.45795244459 2017.19626896746 1994.49267871095 2002.60012176404 2034.33540742998 2031.98013773361 2010.08444045731 2017.84242626354 2004.72640573358 1978.76261690622 1837.97508421056 1835.14183042117 1854.70355266574 1643.86289688371 1334.2080316262 1323.2285024518 1235.79795474884 752.119509808889 591.787119764044 460.564314375817 963.040739279881 959.529675024424 834.719415946483 585.035260869792 859.099454033329 824.772203431634 647.06691217274 597.981254899061 576.165166476057 483.306023835997 194.327311325702 313.785413278314 294.400662188263 362.357637415404 469.783086160798 237.741651104289
-9999 -9999 -9999 -9999 -9999 -9999 -9999 2105.12809996752 2103.06210912012 2078.37335757541 2069.54675047979 2035.39302184237 2005.82247989626 2010.05178474358 1988.03433414994 2012.05793857786 2031.0512221613 2015.5595145859 2011.64904973337 2002.94173787863 1938.14276460057 1784.90538681583 1789.26764352889 1685.63602101354 1326.56398026136 1126.91152659685 905.529538174435 783.935664939939 630.966565899907 590.49123066401 500.69551838282 585.020069447382 798.786756891698 631.519550720566 591.660634966387 904.529196684019 908.704198455166 771.195905085286 424.450478747056 443.91604027014 697.392000021488 290.384967508013 147.848626345382 298.743064197591 353.472647690192 510.194443826946 194.563448377169
-9999 -9999 -9999 -9999 -9999 -9999 2096.25354374454 2097.34547463762 2102.26127004418 2072.32748504926 2029.44991007997 2005.53882461109 2007.23053817756 2013.04131279234 2004.24385096227 1958.6911242454 2024.8142463951 2026.47882567414 2009.37679450625 1998.91666700785 1939.10952301805 1857.74939182571 1810.57156558697 1611.43446774132 1301.48196665426 1088.91095421414 989.645531461771 607.571111436719 348.76221874206 604.428245201412 809.940785918691 837.549225099952 579.611381309685 610.512881487678 688.620086221806 712.781425045492 895.049128455384 707.801217713464 448.076880014464 276.37309331792 282.355719825737 414.321606995319 220.229170121263 370.019354576475 231.430553453753 273.291976223691 202.16640831938
-9999 -9999 -9999 -9999 -9999 -9999 2102.8342799156 2082.42891917869 2092.98933322283 2079.18349975245 2009.23642455609 2010.76432074148 2007.06251525372 2014.82031643897 2006.7571110313 1980.53530093236 2014.85329721673 2023.94204526903 2008.89940512929 2020.69237774277 1952.45619570608 1818.48727923841 1772.14772615315 1298.74107075642 1149.13929055106 1136.57753868167 1072.11446383922 684.890905215032 433.622258459474 853.279468715602 922.334245002464 1011.35128915957 735.03730270039 792.036595098484 746.713160958279 527.803012366382 858.246198045551 579.85027086515 683.495033854844 554.721738587904 124.176697739158 266.895845183139 224.273204236603 246.089927345669 257.761240511322 268.886152986082 237.594935762803
-9999 -9999 -9999 -9999 -9999 2068.62100158246 2092.26985854967 2066.20822539797 2057.03642314676 2047.00759267867 2006.37117864011 2011.37401466394 2015.22576850464 2021.63772029895 2016.15897530333 1968.15260425121 2016.18440867447 2021.12113829511 2016.29638588758 2016.78327398397 1874.65168418364 1633.86879327171 1418.02204415188 1151.12326872355 1115.21433974214 1115.01596092638 1079.06114515202 936.254777012681 783.373433888773 993.200593513978 591.694752217554 938.344379842208 710.992404658739 665.309086686832 1048.27705255887 761.207910565642 500.118812985293 978.334534728828 946.64188788966 718.906261204879 273.799762869546 453.416816013998 233.578674814293 130.30177200162 233.131052479636 269.737728615492 200.958390113532
-9999 -9999 -9999 -9999 -9999 2089.05445049074 2095.16995529229 2095.7472531997 2049.06625090509 2012.37905667361 1996.62333433301 2001.96030679449 2016.58972077064 2019.44374913932 2016.76639140091 2015.26649895913 2017.3427133528 2033.94948883825 2025.52595653005 2018.52982651563 1917.90753927141 1800.83283634469 1493.26531118368 1317.40495569981 1066.22624683198 1270.65038555027 1082.68236542378 1069.9545280609 832.2145577208 935.471557887322 862.511337802521 671.186815637823 682.553158152924 911.337316824497 800.069157183509 357.058294935703 883.768515045652 954.38019231488 934.012266144662 584.588382780525 372.83136159869 306.754626288955 325.003138084089 131.580226032831 62.0270375124374 122.538338074301 129.286512702239
-9999 -9999 -9999 -9999 -9999 2096.10557418706 2086.44397308569 2084.51770972385 2016.16939624523 1999.9494654603 1992.87268443097 2004.06582383629 2015.90665146448 2018.95682823419 2017.77392801439 2022.20302755676 2030.0842016405 2032.92270742487 2029.07505155323 2017.8057117768 1850.81189416246 1555.55003577659 994.521941375484 1092.44199065242 826.933310546071 1347.25536485986 1016.45465344546 914.232137036536 578.448896101639 855.434104286057 465.704991291327 895.790740468852 900.608183834342 968.731014711877 570.80489502618 234.553051916781 949.645272928567 868.443361846372 983.646884648313 722.453053242149 748.205361936206 272.245854807825 162.487335567983 221.717325997469 359.552219724717 105.705813971752 93.0404159764328
-9999 -9999 -9999 -9999 2099.33286181548 2087.31598764183 2084.65438275057 2028.98904309949 2013.73561507762 2008.37758775224 2006.49620230767 2014.93973864007 2014.22048840262 2022.02312453649 2023.55292475807 2024.41176959346 2028.1434102457 2035.30627776741 2030.41760221867 2036.55683548513 1998.95117975943 1573.64332545173 789.845884319936 578.568280582661 626.302044045647 1227.04600421021 1166.315259015 949.470096397909 712.645895374658 758.340733249969 515.487008135405 861.55539626454 950.426280778307 817.03224478404 753.903884497286 834.511390163185 1043.12844727329 986.713805448955 568.936959595262 933.34927917576 709.009694629438 709.744818537757 156.823521184716 219.666265311547 389.56434555561 101.913742740828 122.632296738212
-9999 -9999 -9999 -9999 2108.73428785779 2101.90358620834 2084.60037381971 2014.0558833043 2009.34878670363 2016.9561748696 2013.01492641672 2010.66500523517 2014.23139032705 2015.57457464629 2015.45381324815 2019.12215139744 2023.90094684874 2031.45536544351 2034.26383191714 2042.51477107833 2040.89447790442 1384.21153843436 628.67947680447 495.834710224735 654.174368053407 736.490036554586 1207.69146250503 848.910040884175 348.5496995932 365.901408325818 385.870843919501 898.580221034317 1002.53659445508 529.900925874468 701.021416717896 725.834578951124 1128.74493411617 1329.64314197922 861.252751344141 1432.01914153224 563.563315207635 257.185759815407 138.167692203882 183.511346720834 120.882205805219 232.744540110888 94.5563465804969
-9999 -9999 -9999 -9999 2113.53028254319 2111.53573948797 2072.44427552619 2035.93176360686 2002.89087950577 2016.27298914254 2015.21126935738 2015.09741079801 2015.32052657362 2013.39891085587 2023.74277990958 2022.11366910015 2026.75159469629 2029.79438544406 2030.30783307042 2002.02586041877 2023.57799061671 1336.95767553973 1201.91873953872 447.872140629378 487.597313814278 1001.63790275782 800.064245195915 498.589362834657 151.794842398211 474.855416668042 408.796636016483 969.63011289681 948.764953526321 871.952803351009 658.94707775475 686.340272597668 1055.69399265663 1394.46123990979 596.05759648933 1113.03941113573 1293.43320451385 337.131074147826 119.583347765905 76.699485138761 126.578645293607 149.638033179165 174.086795546142
-9999 1909.64339016746 1942.43403806903 -9999 2113.71309737147 2086.32341891429 2041.66194273099 2016.1656560503 2004.48725018625 2013.16185417872 2030.16197239791 2027.60817175687 2017.36037435763 2028.84510620691 2019.40337586156 2013.4565706893 2021.43843666125 2021.27321585744 2026.53138706596 1977.21630470876 1850.67478544238 1358.87813137045 948.535665001672 578.834545131774 750.411073071201 582.655484530155 245.642348094871 503.396365685295 303.294555928302 326.169042010512 479.054604406626 1155.90556512565 488.594716097545 720.293013981908 604.242208856146 657.142916443769 1102.13022915161 794.459859186036 656.842855398546 1097.45107639386 931.663203133843 654.672356820965 191.277903723983 124.38784992337 91.0712891676181 231.539415535988 303.035051861653
-9999 1843.92306205947 1701.27805013703 2112.56867810171 2105.76326922074 2078.03674319674 2025.18109242221 2007.96694084533 2012.34208518286 2003.948073273 1999.81111015018 1996.93141592304 2015.65222318678 2014.09840581307 2026.7529248495 1997.71278240502 2015.25529994669 2036.69549700357 2032.06434320716 2005.11926010205 1990.41709229598 1507.75623895357 852.352212613619 414.517648273955 666.481195456445 357.637678349692 584.022961386207 652.826524823984 831.290562302047 347.301703323629 388.981309909551 988.529600840512 354.184829125032 356.360254375563 422.928704085533 827.790921245761 1392.58657165859 1102.63086222078 508.11357104426 640.857030434446 451.085830738294 504.656415759821 674.560984909473 751.184037666789 188.229991773985 169.941392276851 353.560301278691
