0,53.6505634559859,43.5059614893438,50.8764159333655,48.5032781503239,87.5255610427136,75.117169913927,99.2315066798454,91.240058974855,64.0813627088193,95.577696132328,103.056983544376,42.0054405857036,76.1936228731205,64.2424140491046,97.3027530639331,61.1844661963167,62.9248763289647,54.6291223506787,45.0501951684413,38.266199820438,176.277038958281,38.1580239165019,61.0394729310854,51.4421894814545,55.887811236227,51.1550671496125,85.4275941113656,76.4056018310625,59.0613745255752,50.9233930389309,41.8757331852225,196.039192139003,188.70052299123,74.1546471907313,47.6574281743899,102.108615437987,74.8923844067707,70.2432248848321,60.4117858696309,49.9392721136419,79.528630285024,83.7499347546751,81.143085296216,71.8682894628692,65.8787323390108,56.6113897504098,58.5153654921244,77.5448098655586,88.7434159481621,37.1133469502177,74.4261388698876,87.6813256044189,49.7821921235336,41.4499418901999,92.5934187584768,71.6898416453136,36.1994484002293,41.2872815110357,38.5322104520249,34.6601115790617,34.6498010783844,64.7153740846296,64.7291214067737,52.3782104040512,44.6440542959538,87.0350385379659,59.3696190008916,51.5193278161336,50.0027621368324,50.1655300565206,113.636393612429,39.4171578309347,48.0266545080228,92.2180786303082,78.952831791266,81.389535491818,49.7661291818544,49.1789165903092,47.708979091967,72.16498184412,45.9063939808472,71.5676679438282,88.9323261485994,86.4636216162547,86.9027886990867,76.9753139252067,109.656926736851,85.2512729766758,76.9119878149523,87.2213273156227,74.807786284098,94.1219574114972,69.8117169237831,47.8297540020195,81.3076747030802,56.160901008446,105.14467477641,57.1278625571274,108.954321883289,109.866753896991,77.3886472850435,45.7794093795462,63.3850521449189,50.7271729611571,52.4394785295369,72.4914555929602,80.5547595984648,61.7829808182771,61.9020789739112,60.3659140605351,55.1895919692566,53.7940642261099,58.049729119681,80.7373213340243,62.0718694239825,51.0151129407915,68.4522124353274,62.7824617552835,43.4221627229732,65.746968298478,78.6127494492764,61.669769221381,70.5205675035224,53.971816206126,62.0580058305792,54.575469786349,54.8465969749125
53.6505634559859,0,51.7064596767376,54.741643621082,59.4820604114492,86.9663487847813,76.5773927945697,101.374473161714,93.4445738078812,65.6099960669624,96.5231591153241,104.018699926092,50.3428397976556,65.7484884200558,50.6330627109584,89.4237108890603,42.9579714481318,57.271181810823,58.0412588385228,54.4615525869745,48.7929096890509,178.404934337262,48.467197468567,47.8499142545958,42.9516427080617,44.2677744561892,41.0673420481875,77.0489016307892,65.343728308161,58.066731478637,60.2234793760537,51.2769937593394,198.143835408825,190.786374793648,80.6836965539493,55.5905877640956,103.776783688909,76.5932452946382,71.8860546665224,74.8732608599593,55.4724036714259,82.3299581504646,86.3997600829364,83.8628925654364,73.3748683048113,71.2369200650903,58.9285169035633,61.0799480773398,78.9160044030489,90.1780471595759,30.8594270096624,75.7115244987298,89.5859574631469,46.76777203998,38.0806301545016,92.0749862146738,69.9287135273553,62.3657674070324,59.1988827029075,36.1691184243475,28.8153179140694,28.7424183481558,67.2152851541693,67.1279380938199,62.2928128469826,53.3465158387131,88.0003161751506,60.9878642245106,56.4813694086425,54.7392587867807,54.9822265373016,115.573182783868,36.3636720590429,53.1130886264912,107.422609698817,93.7340630834161,96.2947721124302,70.137683170619,69.8993516521703,68.6771330404364,73.9516208507868,43.9322617180911,73.3673785075373,90.6771427278527,88.147690344868,88.811675146791,76.5828410067324,109.080579947098,84.6646383392677,75.3045229923612,85.9452128394608,75.6102249796696,119.039261377793,75.7806603527576,52.3707762113227,83.924780421754,64.7995683965244,114.351091693807,38.8417012593929,108.456151583433,109.731268071183,91.9293361086406,67.1148712532756,65.2985302952192,54.618192791946,52.4200199582082,77.9124980309377,87.2967306486272,65.199062670363,64.3530017305293,62.6484368725529,58.5481945436465,57.2650944983257,61.5834290897418,68.8450284011784,46.7746690512223,39.7214693022134,55.509520488202,67.75944254923,41.6878930252584,53.4685190585908,66.6817299552406,64.8852194790106,73.6527303796968,58.9860878170072,67.2438815172361,60.0512796595572,60.3588442441515
43.5059614893438,51.7064596767376,0,27.1697026987079,25.0668530321413,69.5270970815989,54.5847085618512,77.8267266437583,69.756531931199,43.4705923051285,75.7059343060573,83.164371279302,6.36978492443211,73.102454370005,62.0178406728925,93.99857139729,58.4266730832272,56.7510040149916,44.3394534391086,53.5629379070853,47.262018446997,154.892073262307,47.1001523502315,58.6816871958491,50.0932208688107,54.2973765003473,50.2679115858144,82.0229616022341,73.7359954475321,52.7783475682922,21.944631682239,13.6774550330261,174.683935311208,167.369224244548,55.0331365602886,17.500801477127,81.3106603954279,54.051726701673,49.4770090555849,70.0482041386422,24.1330484988948,57.2883442130522,61.7006178314922,59.0049570650619,51.2767055887448,72.3501005428977,34.9876179196099,36.5668363404717,57.1263049566802,68.2427089114149,39.0434257738517,54.1161385672377,66.5808472517109,52.9044516476535,44.4189189743737,74.6129730197271,55.1699141701738,55.9229759068988,53.7302487173632,41.986028785968,36.7574320573978,36.725368867585,42.849617129628,42.9948299094866,25.6832197278414,14.0334263127532,67.1378113152757,38.7258126168012,26.2360091299578,25.2399785388187,25.3158580405453,92.4950113572469,42.5457012976275,22.5462126028688,82.1013177850326,67.099530927864,68.9381448627856,59.9510356717199,59.3689233797259,57.7713739180363,51.2141886913569,49.4366969394867,50.6003813842871,68.036232456786,65.6452484661564,65.7966834448895,58.8266831522693,91.7548201451599,67.356490133954,60.3553772822521,70.141122228933,55.1879564169134,97.2314088864673,53.7429717195981,23.4483099682048,86.3791595595098,64.2050932027882,113.187916289421,52.5545726908398,90.9496263703592,91.3889185249828,64.7203807652557,57.1663212435159,42.2717503022782,26.9900091395124,56.8362175569584,79.0786454315505,87.7518817047646,38.6887353862431,40.1101366937071,38.7999915585522,32.1727838172328,30.6280755826206,34.7949457613828,76.5530950302921,57.9579444930719,50.2452559537624,64.5900737143257,37.6319627090113,47.1386745491349,64.4310711027847,75.751309767077,38.8483865274235,47.8323098067232,28.7452941328416,36.688909512241,28.7962964612067,28.9955228680492
50.8764159333655,54.741643621082,27.1697026987079,0,37.773429569938,63.2445024527837,45.6216979663995,68.3263028363678,60.2016840372648,34.7378726417976,67.3397671643662,74.7804193100542,26.0680648078403,75.165390556318,64.6207138632629,95.7597131157435,61.5741528772673,59.9894672873987,49.7653753412255,59.100306440901,52.9228164193395,145.448752221345,52.7303248705291,62.1260640370245,53.9506920226291,57.9391392084305,54.0674072749334,83.7838800120772,76.0181924894971,56.9483825600655,37.1013251901311,28.5845674013125,165.258143938393,157.953408141715,63.7405326109352,29.3904197539033,72.1853867831615,44.8162734944234,40.3152997081646,76.3659698293025,28.3323795589012,47.7388729470471,52.0718815292993,49.3766284350548,42.2730195279971,77.409467976212,24.6181577756631,25.3209269451062,48.2643934255036,59.2906427085784,43.0546360269668,45.3426959473056,57.2408360778131,57.1674222572292,48.6436170524441,67.8661848062034,50.7103013336481,62.4749840762749,59.9692951396591,46.3653250348307,40.8199005650957,40.7861641196292,32.7544715397039,33.1102460308722,39.4777496076592,28.9551554387516,58.7494692228971,31.7342990339469,24.6224271249415,24.5414124856759,25.3631983566254,83.1466930774326,46.8158536943426,22.0410996760931,92.5656119616173,77.886820769776,80.0244428210554,67.3702585277926,66.8598800013666,65.3406007189949,41.8441097675478,53.87440086995,41.195985039235,58.8344104779193,56.498967000427,56.4363850776415,51.9487880395914,85.0677022315782,60.6875189345392,56.8149015076718,65.6336842048445,49.2036776107889,107.42624344381,61.4860247676672,22.6181596654832,91.044190075279,69.6684407596751,118.739965452089,54.5153967955174,84.1782316548919,84.2225561737311,75.6338099563864,64.5392362674827,32.7442035843575,7.35996851167731,61.4032563173423,84.1642053629788,92.9937448702096,24.2882472361033,29.3772651356565,28.736659220494,17.2170794820078,14.3830903411242,19.5105487121503,78.2740749404639,59.9035047225282,53.336802639949,66.5116239850077,32.0173744718357,51.5744237438432,67.3445750282654,78.0111786977231,25.755292472352,34.6714801397515,23.1758240925156,32.498263816814,26.0807120336409,26.4748302880945
48.5032781503239,59.4820604114492,25.0668530321413,37.773429569938,0,79.4199415483273,64.7011852039607,87.9955985681401,79.9308680483791,53.6683721856376,85.7509029587119,93.211406384163,23.4088292250726,80.9951538667514,69.8077837301371,101.894641948598,66.3429091794481,65.2109140364307,53.4574892424577,59.448153336759,53.034397097337,165.054842170502,52.9153637649429,66.5527410345912,57.8329598634251,62.0586309995621,57.927768124868,89.9395933208384,81.5740200161114,61.2902535148704,30.3441500531095,22.1697880214606,184.844907388066,177.529198828528,65.3806238361421,28.0694519931155,91.4409613077064,64.1970283015321,59.6136637080866,74.9599853634281,35.8847885403512,67.4614279668297,71.8812233238453,69.1853288430817,61.3957932071096,78.5602662073556,45.2921468986194,46.9166607337455,67.2320009483079,78.3719945184573,46.2300386462852,64.2204054672754,76.7337845950889,59.8742213273456,51.4168381364511,84.4536434561176,64.9248961559586,61.6876807572609,60.0736463514643,48.9510545027033,43.9211377198835,43.8936582364105,53.0722861643487,53.2006349418982,26.9620646470313,23.9994455337972,77.1854507074555,49.0539918103089,37.5069230234613,36.5174163918447,36.6498148193315,102.648523653578,49.5188157813424,33.9038537829005,79.4039973746116,63.777541746114,65.2698479519848,63.3899553176334,62.7107072787661,60.9970826558118,61.3789276814197,56.4237525065321,60.7783483771706,78.1747880561439,75.7779465802925,75.951988652778,68.6873342157262,101.586102391179,77.1882272995431,70.169628556413,79.9912855721591,65.3936857019351,100.151032755248,63.665457998587,34.673068005311,92.8597599073085,70.1124704665452,118.946448195087,60.6947122978048,100.792526777469,101.284612321638,61.1246792845712,60.7665573289287,52.4535973098831,37.6297538733196,63.5523895578993,85.2944530578119,93.8443566391238,49.1257921341433,50.4605672423712,49.1330647518105,42.6325723347179,41.1384243125633,45.2634928475888,84.6104659578463,66.0208462703603,57.8217783150972,72.607841311712,47.8435644418168,54.0594179530108,72.0886285413205,83.6220363448251,49.2321297858161,58.3336898869664,39.0074239921278,46.7456407658694,38.8349229654358,39.0660261750406
87.5255610427136,86.9663487847813,69.5270970815989,63.2445024527837,79.4199415483273,0,75.8575070954401,102.825685152066,95.080252702511,62.0570101854957,94.764485082846,102.295913234997,68.3433556297002,105.461567919017,95.9426903885072,125.367777559692,94.2698559116642,93.7953241695813,86.6376692581689,93.9028627180497,87.8569376556173,179.830094379355,87.6354399969609,95.2525320760605,87.530635224307,91.2195188862993,87.4553987036715,113.429486729707,106.703030921472,91.9648995996981,79.0627495187474,70.3932132247415,199.499756293625,192.08451235079,103.482451000352,72.3910937338782,103.818791456437,76.5935650015696,71.7499059041451,111.966323061708,70.9411632149986,85.8896013240332,89.4666681392045,87.1576437656618,72.876844435619,111.649394486652,61.2723072733893,64.6159746338828,77.9216911138741,88.7158680475405,76.2634158445021,73.9449920473879,90.3074065437813,90.6150675949856,82.048148946714,88.9617939260457,68.9503070886957,98.4013866147672,95.6954170979447,79.9917005007233,74.0957506351069,74.0634179046865,69.7928683946344,69.3482947525159,81.4038334049633,71.3363328996216,86.2767121073206,64.5710297521012,69.589202113787,68.201219930857,68.7536564476049,116.402448780941,80.2788135555667,66.5888304431406,132.423693986361,118.001283173386,120.242564529095,104.073984831372,103.6334520544,102.190663659847,74.0349053988077,87.6015085950773,73.2112357140784,90.9313010400317,88.2271372804635,89.5338231328345,73.1273858681843,106.138938107483,81.4063323297976,83.7747462163809,88.5266872692636,78.8001762252074,146.364208445332,100.40995135518,65.7854442971185,124.799294772995,104.377957135958,153.525218279782,85.2683260887022,105.459433304615,106.686115482045,115.865091028753,101.191451412198,65.7582140987047,63.3884517356809,95.1750447559526,118.449995143312,127.456893397372,71.6403195083488,67.7140544846365,65.4634481850366,64.9442755695849,64.2737493254303,68.5151926761787,108.172604708735,90.3851701758399,85.279041715335,96.8012083124381,78.3127807610153,85.2590367368669,99.0650756478759,108.726444025768,70.4746126085298,79.9761038342035,69.7166949767018,78.176436479102,71.7460530222941,72.178551774538
75.117169913927,76.5773927945697,54.5847085618512,45.6216979663995,64.7011852039607,75.8575070954401,0,72.1099799567879,65.1977638923181,48.676816565839,59.7333932425133,67.1001297998891,53.4332837734905,95.7882267949724,85.9148107060173,115.822140057407,83.6927334485736,82.7703090067247,74.2304365107841,82.309284184919,76.2049050255866,148.806310526316,75.9969316764915,84.4787937096706,76.5424398170283,80.3664443982347,76.5452319856098,103.901813341846,96.8899290646652,80.3840796759945,64.2674550359709,55.6793047436959,168.215848534779,160.596540346853,89.7795255813487,57.0626010672397,67.4139981842963,36.2179224158608,30.5480417005615,100.011461410903,56.0831714207414,61.0667078684171,63.7807131008693,62.0282866961507,29.1456372060864,100.294918055768,42.4606939068888,45.9627736046596,27.0359767023632,60.5455741070607,65.3916775881995,42.8702068104184,56.5883500763454,79.6278807158401,71.0799789304152,70.3035912447904,67.4036037293582,86.3218054719476,83.7146070540092,68.9335118964884,63.1952187355309,63.1627376937913,45.1889863279536,43.1682693668466,66.5870918958689,56.3273378899362,50.97091181754,52.0585203789561,54.0331155017388,53.0657153047369,53.6935034019858,83.1572798931441,69.2863692174501,51.131968040543,118.50378181422,103.966443013389,106.170498286892,91.6183865915292,91.1461072947922,89.6683915070366,39.0570727541304,76.502669366083,45.3766916722156,55.2130399805854,51.7776075407491,55.8383326278332,53.9882880359835,87.6891897626186,63.6440308253978,76.2704178196161,83.6970884078432,69.1649711523468,132.918745832073,87.0748908058771,50.8184154332595,113.646312804571,92.8229621736844,141.93260969909,75.5699123090951,86.3913018006562,84.3336669344383,101.77671863509,88.7609070811067,34.7505438944896,46.0012043824148,84.0423371501073,107.079089551102,116.009335555916,52.5900644269311,49.8982747037677,48.2398206787042,46.2121661433499,46.0789183161457,49.813983915839,98.7343815945743,80.7676743092256,74.9468842475696,87.224046120805,60.548934093813,74.1742621281091,88.8433439603984,98.9285645920246,50.7117638446963,62.4568290155187,52.1084962075963,60.4651750253185,54.4504442875969,54.9659005930448
99.2315066798454,101.374473161714,77.8267266437583,68.3263028363678,87.9955985681401,102.825685152066,72.1099799567879,0,49.5234664458888,73.9424959032415,94.2066248041581,101.47477498836,76.6854215549047,120.937769746416,110.86625587897,141.146043874213,108.410964799223,107.308735857471,98.3289592004907,106.716993024415,100.591318611044,141.115696374758,100.387992200688,109.133617091279,101.132712321567,105.001327088662,101.166509197157,129.206900172104,121.966434206726,104.750365588066,87.5524998679168,78.9962064124303,162.335478545295,154.936238197463,113.458036157534,80.1430378222435,85.7347551913756,69.6675912708954,64.356952635392,124.289379331969,79.4233304973391,72.8073368572973,73.1590928446668,73.6925695543223,66.5611296495404,124.796207637975,66.1027896424101,69.2851834862292,75.4332810714266,91.6732960542598,90.0511934213177,76.5336875643334,59.3421445427505,104.252292326044,95.7113245900617,101.62808662029,93.3358693196757,110.551526477326,107.977338820033,93.5273534661983,87.8438728198282,87.8110417410224,64.5180300543885,59.089079646705,89.8546097190472,79.5308813119577,85.5052290046828,76.4286031337846,77.1852577378203,76.363052537665,77.0080441047003,81.1108699014889,93.907876410557,74.3050187933173,142.076501166499,127.498952379594,129.692298356369,115.716360350379,115.232731684851,113.742534304372,70.9409331917875,101.079825954681,73.7025621477889,70.0843587464195,70.3333418108064,61.9872552912153,85.4660575590524,118.944908179946,94.7695650252301,101.473186008462,109.192285766228,93.8686366126311,156.669964182119,110.874057838641,74.1802651070124,138.229935368517,117.246162339276,166.344152170152,100.580026446334,117.800464841596,116.527970157685,125.290209733431,112.867852786048,62.4434704049853,68.7793208918125,108.615148778303,131.571906179317,140.47291955803,74.9703420020521,73.4387341042979,72.0173073989855,68.8099156875205,68.8037927560599,72.267095136023,123.923529974564,105.835324219318,99.8128265341306,112.338939988493,82.6090400592517,98.7590224391572,113.73926371145,123.989378428723,72.9173854655486,85.555005007636,74.2785820231445,82.4589453283645,76.6756690260339,77.2426992454772
91.240058974855,93.4445738078812,69.756531931199,60.2016840372648,79.9308680483791,95.080252702511,65.1977638923181,49.5234664458888,0,66.0235759235448,87.5717776638312,94.8655591194542,68.616154999747,113.040813041652,102.950718528308,133.2657885367,100.473670240684,99.354522142177,90.3348581637897,98.7521508997282,92.6245495728357,140.933648553309,92.4216384690908,101.190559363417,93.1838695938576,97.0565411734535,93.2205613719774,121.324780293584,114.062651192058,96.7806113474531,79.486377913519,70.9328108458737,161.766971109308,154.571392466529,105.426190035417,72.0592635539088,81.4710722809345,62.6950454897748,57.5880767204741,116.312855351366,71.3597390159676,63.9834248237385,64.1033454260003,64.7347795259913,59.9384041231325,116.839908545393,58.0452205436055,61.202613508165,68.4972890221143,84.1403843717601,82.1090679670943,69.1637979891149,57.790870102306,96.3070426028451,87.766704197785,94.3579637818513,85.5025418375363,102.570446104431,99.9991454295895,85.5792737167113,79.9007538945122,79.8678876108753,56.0214434200837,50.0643557913039,81.7872402575777,71.4577113843083,78.8802740360378,68.4445749457658,69.1041691503556,68.294428031322,68.9411072812574,81.5229011882406,85.9623535133872,66.2260201443892,134.036862409629,119.455689348787,121.647993915845,107.723655265788,107.239006502492,105.747688746404,63.4455754422028,93.1301995940611,65.9743623619232,66.2205178612955,65.898929757146,58.4810977998887,78.2075184252966,111.668662913138,87.472693911833,93.5739718958682,101.318240824897,85.9179828857023,148.645874201425,102.853071124797,66.1170218345619,130.281177596767,109.282742534737,158.379706967527,92.6694043544172,110.543270291395,109.374499944,117.245242134805,104.875939124391,54.765373170187,60.6612549998859,100.665235251334,123.614814247192,132.513167749487,66.8139175294166,65.3757278805174,63.9744998437,60.6714470268512,60.6776223741347,64.1181212884596,116.029931441999,97.9302150048625,91.8896226044235,104.438383707342,74.4392168234138,90.8101244707923,105.818738636772,116.084027509197,64.743553103484,77.4595759620783,66.1172755099756,74.285135930761,68.5203912317641,69.09147215316
64.0813627088193,65.6099960669624,43.4705923051285,34.7378726417976,53.6683721856376,62.0570101854957,48.676816565839,73.9424959032415,66.0235759235448,0,70.1263313846698,77.5864756242037,42.3198491304981,85.0940807633287,75.0533570968885,105.343491971224,72.6602527095931,71.5819901704698,62.9829188675948,71.333730300161,65.2254278837652,151.116824586034,65.0173943223359,73.4325280825836,65.4989763255886,69.3330324656172,65.5239717091307,93.3878618072449,86.1390962575299,69.1851990747916,53.1730715949777,44.5674071330053,170.84800757743,163.470435194597,78.5376486318781,46.0660712920618,76.2450078526535,48.4443918079042,43.9146355678552,89.0223388867647,44.6719812676407,56.4052810510967,59.9677812107631,57.6201799051434,45.6507291040378,89.3508328088767,29.6460942037676,33.8535561303089,51.1184180360632,60.5604323280059,54.4478850306705,47.0563027976404,61.9694915993264,68.6883026213631,60.1420009996223,70.2768228185777,54.8709715946152,75.2930152329469,72.674484655583,57.9763233935209,52.2474980881865,52.2142670023622,39.7373690275085,39.5175942902782,55.5303367994828,45.2689778652093,61.5489701794542,36.870301395327,42.6907399787739,41.5399648810145,42.1706078010412,88.0392874697701,58.3442499839885,39.7869860292607,107.493991064815,92.9530358831954,95.1479670650065,80.6128989079667,80.1397044065771,78.6612008927629,45.0269216659272,65.5356798339378,43.2373869691882,63.0774487796983,60.5710986900616,61.1206050851196,54.2530492136255,87.5255002572617,63.073649984382,63.8513717711077,70.8352995336607,54.8729428711664,121.860933099698,75.8351568057563,39.1935378196087,102.735051056183,81.8540213978829,130.966879206294,64.6344617871101,86.6151748505779,86.6201052909587,90.7626362306851,77.7540091832492,36.1633284076204,35.0020165870522,73.0945285075167,96.1284214428978,105.050476446824,42.3423649495124,36.8576733951647,34.2507558903845,35.6060201129495,35.1827966175011,39.3967409726152,88.000704461047,69.9063731749106,64.0862454650325,76.4285685882345,50.3663693134232,63.2161738840586,77.9806028532276,88.14471573231,40.8812131904018,50.7003228261179,41.8251569450504,50.331359949925,44.1141490168947,44.583797010612
95.577696132328,96.5231591153241,75.7059343060573,67.3397671643662,85.7509029587119,94.764485082846,59.7333932425133,94.2066248041581,87.5717776638312,70.1263313846698,0,31.7440458197288,74.5463650569874,115.407795076779,105.721225545194,135.259053052113,103.712624782907,102.961792927107,94.7630610416585,102.54050239814,96.4525808306406,170.248169005537,96.2412728142586,104.548732139784,96.6590948569962,100.447776627251,96.633459182956,123.361687618845,116.577118751675,100.705646935152,85.3482452782457,76.7428901990313,189.485682410041,181.790036849954,110.620909413994,78.259928511617,86.5714455733008,63.8720621211814,57.2560078495416,120.339956317044,77.2346641402548,83.5658728223563,86.3275931497154,84.5840296654884,55.225934852588,120.449996623262,64.5304669246444,67.9753085177068,61.0241154212707,82.7193434276683,85.4319142511653,64.9282202171832,78.0143930113375,99.6925261969762,91.1391731533082,81.5965052367174,86.8116564094562,106.6968975428,104.069115080319,89.025007842159,83.2443785990069,83.2123482275521,68.0315935938639,66.1227646651383,87.6662540300488,77.4553954494381,24.4266603717285,73.1924176291105,75.3388041982223,74.3003521933128,74.9101442807582,104.276844200121,89.3537888060826,72.4148897812022,139.344013243498,124.836935700007,127.052360049586,112.081030282949,111.617185698584,110.148676193096,65.995003844878,96.6089016086261,69.163135166899,75.5743108744172,71.6495763061051,77.6849528380046,65.3543886220912,99.0109582895115,75.5912798800217,96.2308179663476,103.506377687298,89.8605238202489,153.648672777104,107.826701925409,72.0285079157135,133.733094311114,113.04117699873,162.158359657982,95.3517929914462,97.2983315411446,92.6884497873644,122.661105660259,109.217580730473,59.7796524535624,67.6788027816542,104.146566728538,127.242049706885,136.195636655772,74.5671362996127,71.7955759920936,70.0682754520639,68.1480376920488,67.9213094514386,71.7277806093629,118.335297003343,100.489213051966,94.8154327117211,106.89464195851,82.2207999155809,94.2725885798766,108.690580373494,118.635596084837,72.8139284016889,84.223777375095,73.7562407382454,82.1181471591476,76.0307076105909,76.5323992648479
103.056983544376,104.018699926092,83.164371279302,74.7804193100542,93.211406384163,102.295913234997,67.1001297998891,101.47477498836,94.8655591194542,77.5864756242037,31.7440458197288,0,82.0050563336527,122.913284577198,113.221030878888,142.770022707332,111.205912579961,110.449878509387,102.240433876472,110.02698398199,103.938544980597,177.469136576368,103.727343281679,112.040453841108,104.149330667523,107.939117357177,104.124562526871,130.871980663934,124.080545372777,108.189628247547,92.8079117083036,84.2031414119823,196.691269092142,188.987909703963,118.088484386612,85.7156844161559,93.6393169756048,71.1952058185311,64.5567538103705,127.823361894542,84.6927795844455,90.9396846699075,93.6908106138784,91.9560493206752,62.5140951200387,127.938850460586,71.9667465852843,75.4114149449619,68.4264995859188,90.1946929659184,92.9244201495275,72.4193934559383,85.2145503600796,107.184249605482,98.6310674029876,89.3486495219541,94.325981510468,114.178892653881,111.551786096066,96.5159054639764,90.7366070392152,90.70456352427,75.4259352196494,73.4983183540928,95.1258823674577,84.9134826839568,32.2176405435721,80.6559077296206,82.792111590074,81.7561480001751,82.3664792302528,111.457905599995,96.8454279828506,79.868876414716,146.811135677518,132.303101985054,134.518186999623,119.560189526814,119.096077795253,117.627276280521,73.3849846528608,104.099346559659,76.5902313200631,82.7131982003825,78.7698494020691,84.9080707376634,73.103527554005,106.762429960304,83.3236276350536,103.727823885087,111.008547749842,97.3366191512861,161.119425023656,115.297113990714,79.485230043004,141.224069156592,120.528061534774,169.644998882574,102.852484487148,105.062254306055,100.529605207381,130.126830418712,116.696933300922,67.168101015383,75.1208375504695,111.637044073869,134.730663258737,143.683520594362,81.9995681963254,79.2357062444836,77.511343407335,75.582563541647,75.3588556179118,79.1622004340781,125.841435917616,107.991710588542,102.313265520997,114.398659966846,89.6597619388734,101.763270423846,116.18909247773,126.138441294953,80.2422680407959,91.6650479851353,81.1963143923523,89.5573111037381,83.4727779785936,83.9750539957936
42.0054405857036,50.3428397976556,6.36978492443211,26.0680648078403,23.4088292250726,68.3433556297002,53.4332837734905,76.6854215549047,68.616154999747,42.3198491304981,74.5463650569874,82.0050563336527,0,71.7564724559401,60.6613341716747,92.6569349924627,57.0646158432141,55.4016467168462,42.9560506897698,52.1230305052376,45.818342135422,153.750429874262,45.6574578015549,57.3130995417147,48.7134689021998,52.9224851981818,48.8876878003573,80.681851761604,72.3854161158993,51.4101889044121,20.0544541551873,11.808540203838,173.541948900495,166.226971261269,53.568428702972,16.3021139456568,80.1623078736477,52.9040787144502,48.3284277986742,68.5842755882855,23.0516595600952,56.1556150232535,60.5661487264844,57.8713892283878,50.1259736383249,70.9240290875703,33.8506552982228,35.4348449129412,55.9734823050397,67.090974252966,37.650516999859,52.9620212591819,65.4360754817369,51.5034796622172,43.0190762461905,73.4303402202879,53.9658637127911,54.451564972581,52.2715351187746,40.5823793423939,35.3631666506145,35.3312037964587,41.7144013574673,41.857780421369,23.9584175840222,12.3603976867876,65.9785538130744,37.57311228174,25.1781809492875,24.1560484416576,24.2312651607339,91.3506734170482,41.1446245602632,21.4951490865596,80.5166718877367,65.5025758629282,67.3240367219759,58.4526611467351,57.8682411367927,56.2682086343582,50.0679933314963,48.0319272515196,49.454465409712,66.8890584272497,64.4971536203891,64.6520177897929,57.646054000638,90.5712604897129,66.1727941479926,59.1483975433936,68.943142578196,54.0217846318999,95.6208308621492,52.3034041103777,22.3484739054684,84.9641696828119,62.7672614508955,111.747158072909,51.2174338345019,89.7673045021122,90.2123288211294,63.1193387321366,55.6689582720724,41.1275803161225,25.8893170774621,55.425981405609,77.6520302579811,86.3206549012357,37.5744807601438,38.9757255641794,37.6620813944948,31.057946651262,29.5162470594134,33.6837147140076,75.216610539135,56.618629811114,48.875824160292,63.2497165314447,36.5356691295065,45.7332774799706,63.066410327166,74.4019742919288,37.7290810817207,46.7122474147447,27.6525318202665,35.5875884798883,27.6983731581761,27.900033586017
76.1936228731205,65.7484884200558,73.102454370005,75.165390556318,80.9951538667514,105.461567919017,95.7882267949724,120.937769746416,113.040813041652,85.0940807633287,115.407795076779,122.913284577198,71.7564724559401,0,65.5401492822138,88.9637083352424,76.4417491041051,83.0865428048847,81.2670638732458,76.4209980229442,70.8160180834967,197.954488125199,70.5174318611849,78.0166132542925,70.2636540834165,73.324252742197,68.9555773346982,73.2195139003522,48.2427515208974,82.6028421698345,81.7009663721098,72.7892533909604,217.681166190803,210.314367121457,102.879108709845,76.8625013619514,123.088309248975,95.9419335865839,91.1979753781181,96.9099255671046,76.6639598808166,102.186734865782,106.19701116589,103.690301322878,92.6054618141529,92.0477902807078,78.7511930270376,81.0105225950682,98.0758672212565,109.419954641963,53.533418756574,94.8518169211198,109.027539087859,68.4850930769158,59.7406683405946,109.959292900639,88.509053848865,85.1093107805868,82.2233613101983,58.8486145091542,51.7223716056026,51.7279066407562,86.9844970802135,86.84089658917,83.7674838108746,74.7380746528283,106.897601523548,80.8631088767529,77.3970493941337,75.6960983946065,75.9751324571904,135.029118217266,58.2498724846041,74.0696617552664,129.168150341301,115.450528115015,118.009486297724,92.2786394263706,92.0406369950422,90.8155074433895,93.3682682028592,67.0607173874313,92.8191923054181,110.0321786766,107.469271822574,108.258188089535,94.5835199052091,126.907278733063,102.513264809451,94.7257619886849,104.931484248059,95.2724997308863,141.132799363052,98.2718058380177,73.3223874570028,103.318353300713,86.5129012972165,135.818128587259,64.9799521205879,126.34500280188,127.893530973313,113.631077949981,89.2841317714609,84.7904075576422,75.0698417914597,74.1985701572727,99.0731019606411,108.721887069979,85.4074489671799,84.2716361565536,82.520853042335,78.7546848521698,77.5356509884289,81.8432166806047,64.4331426348394,64.8530773887395,52.7435258681636,61.2773547047416,88.3875710592102,64.2947278460497,66.8538883836529,63.2103470600549,85.0033398306319,93.8547331670505,79.6337196170278,87.9092759465451,80.7965693754027,81.1176387672068
64.2424140491046,50.6330627109584,62.0178406728925,64.6207138632629,69.8077837301371,95.9426903885072,85.9148107060173,110.86625587897,102.950718528308,75.0533570968885,105.721225545194,113.221030878888,60.6613341716747,65.5401492822138,0,93.2858962592641,62.4983155711948,70.4954316428414,69.3957948450223,64.5403211699067,58.9191058008671,187.890911232072,58.5997242185639,64.4196198220149,56.9256095897146,59.763828426614,55.4340985449217,80.3469654798486,62.99041677144,70.2777747088298,70.560692156147,61.6311016543548,207.624480462359,200.262928485517,91.4366045274141,65.8415026720836,113.158802769688,85.990566812348,81.2675965933593,85.0763130713838,65.7159033055654,91.951385419228,95.9946573256444,93.4711546431051,82.721292514202,80.8437921712783,68.5295939723759,70.7306388255045,88.2312425955116,99.5258903537671,40.5762462150386,85.0159460602657,99.0245001053099,56.3616491735322,47.6317672663571,100.855467618398,78.8746172712562,73.0099894712057,70.017772376063,46.2218114649712,38.7530254787513,38.7295913728294,76.7967559323089,76.6847166063371,72.6180104309836,63.6477394303689,97.2037609131388,70.5993125747565,66.5911156857094,64.8716735436258,65.1321035614836,125.018083203612,46.0157540047775,63.2420017457208,117.755804602218,104.069121135622,106.637961655189,80.4742099408093,80.2414688334471,79.0234469665967,83.3775108140696,54.3024461154296,82.807098554276,100.078016876951,97.5340250965455,98.2522696818559,85.4081867169828,117.839348018035,93.4286628798746,84.6339316129633,95.0824502062944,85.106845032682,129.534802916693,86.6968917347681,62.5023253758843,93.0236065728285,74.7751205666998,124.25936872047,49.7889564224494,117.239787342513,118.625923351568,102.264185311996,77.4642386353586,74.7570433642982,64.5103593841508,62.1581846065784,87.6281366233761,97.1314210266353,74.9788618949914,73.997000854873,72.2701901135316,68.3270450049856,67.0733956574749,71.3867852166017,66.5893458922157,47.4296716839305,41.2945040621761,49.6901071662571,77.7279550971014,51.7306447476108,44.7017386998025,60.1648530186001,74.6237847512128,83.4286801470093,68.9636614064054,77.2283184971834,70.0714427132046,70.3852072869667
97.3027530639331,89.4237108890603,93.99857139729,95.7597131157435,101.894641948598,125.367777559692,115.822140057407,141.146043874213,133.2657885367,105.343491971224,135.259053052113,142.770022707332,92.6569349924627,88.9637083352424,93.2858962592641,0,99.4591305971023,105.228706075959,102.76505325189,96.9898198393966,91.4384008141884,218.154412125749,91.169009078557,100.729557624544,92.7068786400139,95.9518573378948,91.5091734359769,60.0879396400273,94.3684419323423,104.449372754952,102.612076308184,93.7116714748536,237.874930684783,230.503558976629,124.03982504282,97.7162345804524,143.169212911341,116.047483860992,111.283251535253,117.568766479149,97.5336478322778,122.530337966339,126.515206437794,124.022094058888,112.647224562219,111.321707096326,99.1241021765478,101.425904437858,118.083431537917,129.487254085174,75.5269039982954,114.861795568679,129.17547187863,89.3720707107487,80.6351537858318,129.200200746294,108.766149964194,106.297541701711,103.550103809478,80.3955181245802,73.6794052242202,73.709889076272,107.299281130931,107.127520749491,104.669039702695,95.6253756012466,126.756064833124,101.35332181174,98.1747452993701,96.4988433134455,96.789664381781,155.183606409172,79.2955873330991,94.8605518918733,150.05401631091,136.341240745556,138.909051368838,113.135641636209,112.904424974787,111.684366843971,113.514948440052,88.7660751762907,112.992775389318,130.135874956663,127.555720973538,128.4093105772,113.915257800663,146.100318801997,121.741139310024,115.388155522017,125.344000508374,115.75543228836,162.156334732835,119.525933943227,94.1299138920608,120.887951798631,106.816723389584,155.821731149341,89.7414928915175,145.581751351639,147.313802371528,134.522979936389,110.156562511761,104.97670971698,95.6768405530667,94.8985726304493,118.786906587151,128.721951690989,105.914273286952,104.691801319899,102.930096607304,99.2644902304678,98.0731031630306,102.37068754545,101.791173060952,91.6701811210198,78.5633616019981,93.5267293990597,109.03541408417,85.7659054144238,94.1880806019144,100.739301545194,105.473081913303,114.379401175953,100.289554058159,108.567577467948,101.482926108057,101.809090083369
61.1844661963167,42.9579714481318,58.4266730832272,61.5741528772673,66.3429091794481,94.2698559116642,83.6927334485736,108.410964799223,100.473670240684,72.6602527095931,103.712624782907,111.205912579961,57.0646158432141,76.4417491041051,62.4983155711948,99.4591305971023,0,59.2677681330722,63.6972677976323,62.9634718612999,57.2226497520242,185.44477060142,56.9051345604789,39.8265515056052,46.0140459895922,43.8850322022396,44.7027165218412,87.1868272449524,76.2675363487343,62.4519200168474,66.979141589536,58.0239578094537,205.186400173491,197.830998801428,87.0035198006521,62.3456265705238,110.86959049918,83.6771207092087,78.9783664260955,83.0674662130808,62.1031964390322,89.3035447471132,93.3855654565659,90.8422878492233,80.4857397915067,80.0598948515225,65.8974431114764,68.023438416088,86.0430103952845,97.2863284385055,40.5549400650577,82.8433699659951,96.649486205769,56.1665032865707,47.5154369660044,99.4860844786001,77.2410813752563,70.0267888354421,66.6827655208328,45.3617625961271,38.3991423027357,38.3163193606326,74.2043649087194,74.1300467153105,69.0918025531648,60.1012567204931,95.1869290124998,67.9261736082555,63.1895607662406,61.4173373948029,61.6503999986664,122.633612044483,45.7552550531122,59.8125284305079,114.634347893182,100.891285883936,103.41793010281,77.9767577844435,77.7177907384471,76.4750763360401,81.0196506583546,52.8959596826269,80.4269474146013,97.7601086760932,95.2381906974524,95.8739894428765,83.9702110529693,116.503122334779,92.0845618137551,82.3609426914186,93.141274662663,82.6067031649864,126.204600268475,81.9547588701123,59.0392573031725,92.9822509537578,73.3689950076152,122.898417268723,50.9293907017717,115.865519275909,117.081766244066,99.0633767744105,74.9503025194529,72.3492693034289,61.4419398889649,61.581995576945,86.7180549094124,96.003049138981,72.084972263289,71.2969922065485,69.6018226935434,65.4321750676381,64.1323210561559,68.457273450645,79.7657193665877,58.7658047661572,50.9363534967339,66.7912242525019,74.580078747395,50.8361922228247,64.9675911197572,77.8370415412996,71.7924043938287,80.5289147333262,65.8016091582878,74.0632159543993,66.8580801519612,67.1626965348743
62.9248763289647,57.271181810823,56.7510040149916,59.9894672873987,65.2109140364307,93.7953241695813,82.7703090067247,107.308735857471,99.354522142177,71.5819901704698,102.961792927107,110.449878509387,55.4016467168462,83.0865428048847,70.4954316428414,105.228706075959,59.2677681330722,0,58.6068749303299,67.287791391845,61.3723950476392,184.350576128958,61.0865635919266,57.7937506506808,50.9713106661829,55.1186378190326,52.8905146638315,93.0733091947654,83.2696792990429,52.0936002137803,65.4643953018306,56.4924485389043,204.098427299878,196.747683953488,84.1795037634356,60.7523840889456,109.895932725186,82.6820387816836,78.0028795272373,86.5273219611225,60.003450846775,88.0616945060488,92.1700300592817,89.6126068897001,79.5531793116261,85.0037822625218,64.6285950703549,66.6948377745953,85.1475440277405,96.3466947812565,47.6741050676166,81.9587352854715,95.608698351759,62.589343713165,54.0027409294057,99.2460030451681,76.8189057298867,72.3349995407381,68.6996667501383,51.5993127362788,45.4338488276909,45.3658186322449,72.9920440253646,72.9480570498794,67.7295743014495,58.5501441796844,94.429506714299,66.5691367131175,61.2959165256261,59.42198939207,59.6286501269778,121.585916884162,52.1899614954142,57.8989566315553,114.779794681286,100.843065968746,103.257795629309,80.3764360654596,80.0528123585518,78.7436496578532,79.9873094453975,58.9238666214139,79.3741880650463,96.7638143003563,94.2591753230588,94.8302604960007,83.6761139772051,116.289010929868,91.865081790905,81.3460575333706,92.4430613406948,81.3973833537111,126.437030759639,78.7135719865529,57.0055747687392,98.3149393878197,77.8122198735172,127.23104423919,60.0097265666252,115.621234791592,116.702353599102,98.9314450536052,77.3580069263092,71.2768433314978,59.8335335540454,67.4791034887733,91.6687617493744,100.746315621707,70.6301949564389,69.9671039270224,68.2924900140124,63.9697486201508,62.6281304485993,66.9740578118682,86.4481949330023,66.6217558806517,58.7422951243264,73.9387732629749,73.0170606244651,56.9518199320901,72.8830903404631,85.0450152507715,70.3878335510238,79.0371253813239,64.2258041159876,72.5074339105696,65.2814914272909,65.5795017730041
